433
8
23019583
2303042
 0 1 1 45 22  7 (D 0,1,1) (S 13,1,5) (S 25,1,9) (S 14,1,20) (S 37,11,1) (S 27,1,19) (D 0,1,1)
 0 1 2 45 39  12 (D 0,1,1) (S 26,1,11) (S 33,6,5) (S 31,5,4) (S 30,4,5) (S 3,5,5) (S 32,5,6) (S 28,2,4) (S 36,10,2) (S 29,2,10) (S 7,13,13) (D 0,1,1)
 0 1 3 45 70  8 (D 0,1,1) (S 5,9,9) (S 44,19,9) (S 2,3,3) (S 15,3,4) (S 47,20,15) (S 41,17,13) (D 0,1,1)
 0 1 4 45 78  7 (D 0,1,1) (S 46,19,22) (S 45,19,20) (S 12,22,22) (S 24,23,24) (S 19,7,13) (D 0,1,1)
 0 1 5 44 44  7 (D 0,1,1) (S 48,20,21) (S 49,21,15) (S 51,24,21) (S 23,21,23) (S 50,21,24) (D 0,1,1)
 0 1 6 45 49  6 (D 0,1,1) (S 1,2,2) (S 16,6,11) (S 17,6,12) (S 39,16,17) (D 0,1,1)
 0 1 7 45 64  7 (D 0,1,1) (S 9,15,15) (S 34,6,7) (S 35,7,6) (S 18,7,8) (S 21,13,14) (D 0,1,1)
 0 1 8 44 67  13 (D 0,1,1) (S 20,12,16) (S 6,12,12) (S 38,12,17) (S 40,17,12) (S 42,17,16) (S 10,16,16) (S 43,18,17) (S 11,17,17) (S 22,14,18) (S 8,14,14) (S 4,8,8) (D 0,1,1)