123
9
380208
305458
 0 1 1 27 7  10 (D 0,1,1) (S 16,1,3) (S 17,1,6) (S 18,1,11) (S 13,4,8) (S 26,5,8) (S 11,2,11) (S 19,2,3) (S 21,3,4) (D 0,1,1)
 0 1 2 26 26  8 (D 0,1,1) (S 30,6,10) (S 5,6,6) (S 28,6,7) (S 29,6,8) (S 2,3,3) (S 15,7,10) (D 0,1,1)
 0 1 3 26 27  6 (D 0,1,1) (S 27,5,10) (S 12,4,5) (S 14,5,11) (S 8,9,9) (D 0,1,1)
 0 1 4 26 21  5 (D 0,1,1) (S 23,3,11) (S 22,3,9) (S 9,10,10) (D 0,1,1)
 0 1 5 27 15  6 (D 0,1,1) (S 4,5,5) (S 7,8,8) (S 20,2,4) (S 25,4,10) (D 0,1,1)
 0 1 6 24 8  5 (D 0,1,1) (S 6,7,7) (S 10,11,11) (S 24,4,9) (D 0,1,1)
 0 1 7 21 4  3 (D 0,1,1) (S 1,2,2) (D 0,1,1)
 0 1 8 20 4  3 (D 0,1,1) (S 3,4,4) (D 0,1,1)
 0 1 9 8 11  3 (D 0,1,1) (S 31,9,10) (D 0,1,1)