185
7
1075125
321875
 0 1 1 20 10  8 (D 0,1,1) (S 16,1,2) (S 2,3,3) (S 17,3,4) (S 25,4,2) (S 3,4,4) (S 1,2,2) (D 0,1,1)
 0 1 2 20 29  7 (D 0,1,1) (S 18,5,10) (S 4,5,5) (S 22,10,20) (S 35,20,23) (S 32,16,12) (D 0,1,1)
 0 1 3 20 18  7 (D 0,1,1) (S 7,10,10) (S 6,9,9) (S 21,9,19) (S 36,22,19) (S 34,19,20) (D 0,1,1)
 0 1 4 20 28  10 (D 0,1,1) (S 19,6,7) (S 29,12,6) (S 26,6,12) (S 30,12,11) (S 9,12,12) (S 28,11,12) (S 31,13,14) (S 8,11,11) (D 0,1,1)
 0 1 5 20 34  6 (D 0,1,1) (S 24,22,23) (S 15,23,23) (S 14,21,21) (S 33,18,17) (D 0,1,1)
 0 1 6 18 28  6 (D 0,1,1) (S 11,15,15) (S 12,16,16) (S 10,13,13) (S 13,17,17) (D 0,1,1)
 0 1 7 19 38  6 (D 0,1,1) (S 27,8,7) (S 5,7,7) (S 20,8,14) (S 23,14,18) (D 0,1,1)