399
7
271333
229917
 0 1 1 41 22  8 (D 0,1,1) (S 11,1,8) (S 12,1,9) (S 7,1,6) (S 10,7,9) (S 15,3,7) (S 16,3,8) (D 0,1,1)
 0 1 2 41 77  6 (D 0,1,1) (S 17,4,1) (S 20,7,8) (S 21,7,10) (S 9,5,7) (D 0,1,1)
 0 1 3 37 161  7 (D 0,1,1) (S 6,7,7) (S 23,8,10) (S 24,9,10) (S 14,3,6) (S 18,4,2) (D 0,1,1)
 0 1 4 41 77  6 (D 0,1,1) (S 3,4,4) (S 19,5,9) (S 8,2,5) (S 22,8,9) (D 0,1,1)
 0 1 5 32 26  4 (D 0,1,1) (S 4,5,5) (S 13,2,3) (D 0,1,1)
 0 1 6 27 18  4 (D 0,1,1) (S 2,3,3) (S 5,6,6) (D 0,1,1)
 0 1 7 26 18  3 (D 0,1,1) (S 1,2,2) (D 0,1,1)