733
9
3158625
610583
 0 1 1 65 31  9 (D 0,1,1) (S 24,1,5) (S 40,4,5) (S 26,5,8) (S 1,2,2) (S 2,3,3) (S 25,3,10) (S 48,10,9) (D 0,1,1)
 0 1 2 64 54  8 (D 0,1,1) (S 45,8,14) (S 54,14,8) (S 52,13,8) (S 6,8,8) (S 55,14,13) (S 30,12,13) (D 0,1,1)
 0 1 3 65 76  10 (D 0,1,1) (S 56,15,9) (S 7,9,9) (S 47,9,15) (S 46,9,10) (S 31,14,15) (S 10,15,15) (S 58,17,14) (S 19,25,25) (D 0,1,1)
 0 1 4 65 97  9 (D 0,1,1) (S 28,10,19) (S 27,10,15) (S 32,15,19) (S 65,23,18) (S 67,26,18) (S 13,18,18) (S 64,22,29) (D 0,1,1)
 0 1 5 64 106  12 (D 0,1,1) (S 53,13,16) (S 51,12,11) (S 44,7,12) (S 8,12,12) (S 49,11,12) (S 41,6,11) (S 29,11,20) (S 50,11,16) (S 57,16,11) (S 42,7,4) (D 0,1,1)
 0 1 6 64 78  11 (D 0,1,1) (S 9,14,14) (S 35,17,22) (S 12,17,17) (S 34,17,18) (S 33,16,17) (S 16,22,22) (S 69,29,22) (S 63,22,21) (S 66,25,29) (D 0,1,1)
 0 1 7 62 79  10 (D 0,1,1) (S 43,7,6) (S 5,7,7) (S 3,4,4) (S 4,6,6) (S 59,20,16) (S 11,16,16) (S 61,21,20) (S 15,21,21) (D 0,1,1)
 0 1 8 65 129  12 (D 0,1,1) (S 72,30,29) (S 23,30,30) (S 39,26,30) (S 71,29,30) (S 68,26,23) (S 17,23,23) (S 70,29,28) (S 22,29,29) (S 62,21,29) (S 60,20,21) (D 0,1,1)
 0 1 9 52 83  9 (D 0,1,1) (S 37,21,28) (S 21,28,28) (S 36,20,24) (S 18,24,24) (S 38,24,27) (S 14,20,20) (S 20,27,27) (D 0,1,1)