407
7
251958
231125
 0 1 1 41 36  5 (D 0,1,1) (S 17,3,1) (S 12,1,7) (S 13,1,8) (D 0,1,1)
 0 1 2 40 22  7 (D 0,1,1) (S 14,2,1) (S 20,4,1) (S 9,6,7) (S 11,7,9) (S 2,3,3) (D 0,1,1)
 0 1 3 41 185  7 (D 0,1,1) (S 10,7,8) (S 19,3,7) (S 8,5,7) (S 6,7,7) (S 24,8,10) (D 0,1,1)
 0 1 4 40 41  6 (D 0,1,1) (S 21,4,5) (S 3,4,4) (S 16,2,5) (S 18,3,6) (D 0,1,1)
 0 1 5 39 41  5 (D 0,1,1) (S 4,5,5) (S 22,5,6) (S 1,2,2) (D 0,1,1)
 0 1 6 23 60  5 (D 0,1,1) (S 15,2,3) (S 5,6,6) (S 23,8,9) (D 0,1,1)
 0 1 7 21 22  3 (D 0,1,1) (S 7,9,9) (D 0,1,1)