659
7
309792
257833
 0 1 1 35 60  6 (D 0,1,1) (S 10,1,3) (S 11,1,4) (S 12,1,5) (S 8,2,8) (D 0,1,1)
 0 1 2 35 54  6 (D 0,1,1) (S 7,2,6) (S 1,2,2) (S 14,3,6) (S 20,8,9) (D 0,1,1)
 0 1 3 35 170  7 (D 0,1,1) (S 13,2,3) (S 18,6,10) (S 19,6,12) (S 2,7,7) (S 22,11,13) (D 0,1,1)
 0 1 4 34 80  5 (D 0,1,1) (S 9,4,5) (S 15,4,10) (S 17,5,10) (D 0,1,1)
 0 1 5 35 135  5 (D 0,1,1) (S 16,4,11) (S 4,10,10) (S 21,8,12) (D 0,1,1)
 0 1 6 29 86  4 (D 0,1,1) (S 6,12,12) (S 5,11,11) (D 0,1,1)
 0 1 7 9 74  3 (D 0,1,1) (S 3,9,9) (D 0,1,1)