96
7
283667
247542
 0 1 1 27 4  11 (D 0,1,1) (S 8,1,3) (S 14,1,7) (S 15,1,10) (S 13,1,5) (S 12,1,2) (S 16,2,5) (S 9,2,9) (S 18,3,6) (S 19,3,10) (D 0,1,1)
 0 1 2 27 27  7 (D 0,1,1) (S 20,3,11) (S 7,11,11) (S 22,6,7) (S 10,5,7) (S 24,8,10) (D 0,1,1)
 0 1 3 25 2  3 (D 0,1,1) (S 1,2,2) (D 0,1,1)
 0 1 4 27 32  6 (D 0,1,1) (S 23,6,10) (S 5,8,8) (S 17,3,5) (S 21,4,9) (D 0,1,1)
 0 1 5 19 17  5 (D 0,1,1) (S 2,4,4) (S 3,6,6) (S 11,6,9) (D 0,1,1)
 0 1 6 14 6  3 (D 0,1,1) (S 4,7,7) (D 0,1,1)
 0 1 7 15 8  3 (D 0,1,1) (S 6,9,9) (D 0,1,1)