812
9
4873208
752292
 0 1 1 75 18  10 (D 0,1,1) (S 43,1,7) (S 23,1,2) (S 26,6,12) (S 49,6,7) (S 50,6,18) (S 51,7,6) (S 4,6,6) (S 10,12,12) (D 0,1,1)
 0 1 2 74 85  13 (D 0,1,1) (S 59,13,7) (S 52,7,13) (S 5,7,7) (S 24,2,13) (S 30,13,19) (S 29,13,14) (S 28,12,13) (S 66,18,12) (S 34,19,25) (S 68,19,20) (S 70,20,19) (D 0,1,1)
 0 1 3 75 90  13 (D 0,1,1) (S 44,3,2) (S 1,2,2) (S 6,8,8) (S 53,8,9) (S 31,14,15) (S 11,14,14) (S 69,20,14) (S 32,15,22) (S 61,15,21) (S 60,15,9) (S 36,22,23) (D 0,1,1)
 0 1 4 75 115  12 (D 0,1,1) (S 67,18,29) (S 12,19,19) (S 77,25,29) (S 78,25,30) (S 83,29,25) (S 39,25,26) (S 42,30,31) (S 41,29,30) (S 19,30,30) (S 84,31,32) (D 0,1,1)
 0 1 5 74 105  14 (D 0,1,1) (S 72,21,15) (S 62,16,15) (S 54,9,15) (S 73,21,20) (S 13,21,21) (S 35,21,22) (S 71,20,26) (S 79,26,20) (S 15,26,26) (S 40,26,31) (S 85,32,27) (S 80,27,28) (D 0,1,1)
 0 1 6 74 107  13 (D 0,1,1) (S 18,29,29) (S 20,32,32) (S 21,33,33) (S 86,34,24) (S 22,34,34) (S 82,28,34) (S 17,28,28) (S 81,28,27) (S 74,22,28) (S 38,23,28) (S 16,27,27) (D 0,1,1)
 0 1 7 75 112  14 (D 0,1,1) (S 7,9,9) (S 8,10,10) (S 57,11,10) (S 25,4,10) (S 55,10,11) (S 46,3,10) (S 27,10,16) (S 2,3,3) (S 45,3,4) (S 47,5,4) (S 33,16,17) (S 64,17,11) (D 0,1,1)
 0 1 8 73 134  12 (D 0,1,1) (S 37,23,24) (S 63,16,23) (S 14,24,24) (S 65,17,24) (S 76,24,17) (S 75,24,11) (S 58,11,17) (S 56,11,5) (S 9,11,11) (S 48,5,11) (D 0,1,1)
 0 1 9 19 46  3 (D 0,1,1) (S 3,4,4) (D 0,1,1)