470
7
3112167
3112167
 0 1 1 50 53  14 (D 0,1,1) (S 18,1,31) (S 35,1,30) (S 36,2,1) (S 34,1,2) (S 38,2,3) (S 1,2,2) (S 37,3,2) (S 19,4,3) (S 2,3,3) (S 44,4,9) (S 52,12,13) (S 3,4,4) (D 0,1,1)
 0 1 2 50 46  14 (D 0,1,1) (S 33,31,29) (S 21,31,6) (S 32,31,28) (S 64,5,31) (S 40,10,5) (S 39,6,5) (S 45,5,10) (S 4,5,5) (S 41,11,6) (S 48,6,11) (S 5,6,6) (S 53,10,14) (D 0,1,1)
 0 1 3 50 77  15 (D 0,1,1) (S 63,30,29) (S 17,30,30) (S 62,28,29) (S 31,27,24) (S 16,27,27) (S 15,26,26) (S 61,26,28) (S 60,26,23) (S 29,24,23) (S 14,25,25) (S 46,14,10) (S 9,14,14) (S 11,16,16) (D 0,1,1)
 0 1 4 50 56  7 (D 0,1,1) (S 23,13,9) (S 25,19,13) (S 20,13,4) (S 50,11,12) (S 22,12,8) (D 0,1,1)
 0 1 5 50 55  9 (D 0,1,1) (S 42,6,7) (S 24,11,10) (S 55,11,17) (S 49,12,11) (S 47,16,10) (S 54,14,15) (S 56,16,17) (D 0,1,1)
 0 1 6 50 104  13 (D 0,1,1) (S 43,8,7) (S 7,8,8) (S 51,18,12) (S 57,12,18) (S 8,12,12) (S 12,18,18) (S 59,18,21) (S 28,22,21) (S 13,19,19) (S 10,15,15) (S 6,7,7) (D 0,1,1)
 0 1 7 35 79  6 (D 0,1,1) (S 30,25,23) (S 26,21,19) (S 58,22,19) (S 27,22,20) (D 0,1,1)