723
7
3980209
3980209
 0 1 1 65 65  13 (D 0,1,1) (S 17,1,2) (S 18,1,5) (S 19,1,8) (S 40,5,4) (S 22,8,5) (S 39,2,3) (S 45,2,9) (S 38,3,2) (S 1,2,2) (S 47,9,10) (S 6,9,9) (D 0,1,1)
 0 1 2 65 105  13 (D 0,1,1) (S 56,8,15) (S 23,8,7) (S 5,8,8) (S 44,14,8) (S 53,8,14) (S 51,8,13) (S 43,13,8) (S 58,13,16) (S 52,16,13) (S 26,13,12) (S 9,16,16) (D 0,1,1)
 0 1 3 65 102  13 (D 0,1,1) (S 20,10,3) (S 24,19,10) (S 7,10,10) (S 46,10,9) (S 57,9,15) (S 27,15,14) (S 60,15,18) (S 28,19,15) (S 10,17,17) (S 13,22,22) (S 16,30,30) (D 0,1,1)
 0 1 4 65 123  13 (D 0,1,1) (S 54,13,14) (S 50,16,12) (S 42,12,7) (S 49,11,12) (S 48,12,11) (S 25,20,11) (S 8,11,11) (S 30,21,16) (S 61,16,20) (S 73,21,29) (S 63,22,21) (D 0,1,1)
 0 1 5 65 108  13 (D 0,1,1) (S 59,14,17) (S 55,17,14) (S 29,17,16) (S 31,22,17) (S 68,18,23) (S 32,19,18) (S 67,29,22) (S 74,22,29) (S 66,21,22) (S 69,22,23) (S 77,25,30) (D 0,1,1)
 0 1 6 65 110  16 (D 0,1,1) (S 41,6,7) (S 4,7,7) (S 2,4,4) (S 21,6,4) (S 3,6,6) (S 33,24,20) (S 62,21,20) (S 11,20,20) (S 36,28,24) (S 64,24,21) (S 35,27,24) (S 37,28,27) (S 34,28,21) (S 15,28,28) (D 0,1,1)
 0 1 7 42 110  11 (D 0,1,1) (S 70,29,25) (S 71,30,25) (S 76,30,29) (S 78,29,30) (S 14,26,26) (S 72,23,26) (S 65,29,21) (S 75,28,29) (S 12,21,21) (D 0,1,1)