694
8
11873667
11873667
 0 1 1 75 73  24 (D 0,1,1) (S 65,6,1) (S 68,6,7) (S 35,6,5) (S 4,6,6) (S 66,7,6) (S 67,13,6) (S 77,6,13) (S 76,13,12) (S 75,11,12) (S 8,12,12) (S 78,12,13) (S 40,14,13) (S 9,13,13) (S 41,21,13) (S 69,13,7) (S 10,14,14) (S 42,22,14) (S 36,14,8) (S 11,15,15) (S 18,23,23) (S 17,22,22) (S 16,21,21) (D 0,1,1)
 0 1 2 75 71  24 (D 0,1,1) (S 47,21,20) (S 15,20,20) (S 39,19,11) (S 46,19,18) (S 14,19,19) (S 51,34,26) (S 88,30,26) (S 87,18,26) (S 19,26,26) (S 96,30,34) (S 52,30,27) (S 90,34,30) (S 21,30,30) (S 59,40,34) (S 26,40,40) (S 58,40,33) (S 115,47,46) (S 30,47,47) (S 116,46,47) (S 105,48,41) (S 117,41,48) (S 31,48,48) (D 0,1,1)
 0 1 3 75 100  17 (D 0,1,1) (S 7,11,11) (S 63,11,5) (S 74,5,11) (S 13,18,18) (S 81,29,18) (S 64,18,5) (S 56,33,29) (S 104,29,39) (S 24,33,33) (S 95,39,33) (S 108,41,42) (S 106,49,41) (S 97,41,35) (S 118,48,49) (S 32,49,49) (D 0,1,1)
 0 1 4 75 94  19 (D 0,1,1) (S 70,7,8) (S 5,7,7) (S 33,3,2) (S 1,2,2) (S 71,9,8) (S 38,15,9) (S 37,10,9) (S 72,16,9) (S 79,9,16) (S 6,9,9) (S 43,16,15) (S 92,23,31) (S 85,23,24) (S 84,31,23) (S 83,24,23) (S 91,22,31) (S 22,31,31) (D 0,1,1)
 0 1 5 75 105  17 (D 0,1,1) (S 3,5,5) (S 55,36,27) (S 53,31,27) (S 48,27,21) (S 54,35,27) (S 25,35,35) (S 98,42,36) (S 107,36,42) (S 99,36,37) (S 110,42,43) (S 109,44,42) (S 113,42,44) (S 61,50,44) (S 28,44,44) (S 120,43,50) (D 0,1,1)
 0 1 6 75 87  16 (D 0,1,1) (S 12,16,16) (S 44,17,16) (S 86,32,24) (S 49,25,24) (S 50,28,25) (S 45,25,17) (S 89,38,28) (S 20,28,28) (S 102,28,38) (S 23,32,32) (S 94,38,32) (S 93,32,31) (S 57,37,32) (S 82,31,22) (D 0,1,1)
 0 1 7 64 116  17 (D 0,1,1) (S 34,4,3) (S 2,3,3) (S 62,10,4) (S 80,10,17) (S 73,17,10) (S 100,38,37) (S 101,43,37) (S 27,43,43) (S 112,50,43) (S 111,45,43) (S 114,43,45) (S 60,43,38) (S 29,45,45) (S 103,45,38) (S 121,45,50) (D 0,1,1)
 0 1 8 12 48  3 (D 0,1,1) (S 119,50,49) (D 0,1,1)