878
7
8037
8037
 0 1 1 75 89  22 (D 0,1,1) (S 36,1,7) (S 42,7,1) (S 35,1,2) (S 37,8,2) (S 44,2,8) (S 1,2,2) (S 2,3,3) (S 38,4,3) (S 39,3,4) (S 20,9,3) (S 23,9,8) (S 3,9,9) (S 45,7,8) (S 43,8,7) (S 53,10,15) (S 24,11,10) (S 46,15,10) (S 7,15,15) (S 57,16,19) (S 8,16,16) (D 0,1,1)
 0 1 2 75 89  16 (D 0,1,1) (S 49,7,13) (S 40,10,4) (S 26,25,15) (S 27,17,16) (S 54,19,16) (S 60,19,20) (S 58,26,19) (S 10,19,19) (S 69,20,27) (S 55,20,17) (S 11,20,20) (S 59,17,20) (S 9,17,17) (S 4,11,11) (D 0,1,1)
 0 1 3 75 120  17 (D 0,1,1) (S 6,14,14) (S 65,14,24) (S 52,13,14) (S 62,14,23) (S 50,14,13) (S 30,30,24) (S 63,24,23) (S 13,24,24) (S 12,23,23) (S 64,29,23) (S 74,23,29) (S 51,23,13) (S 75,30,29) (S 77,29,30) (S 14,26,26) (D 0,1,1)
 0 1 4 75 103  14 (D 0,1,1) (S 21,5,4) (S 22,6,5) (S 47,5,11) (S 41,12,6) (S 5,12,12) (S 48,12,11) (S 25,17,11) (S 28,21,20) (S 70,26,27) (S 73,27,28) (S 15,27,27) (S 71,33,27) (D 0,1,1)
 0 1 5 75 171  14 (D 0,1,1) (S 66,26,25) (S 67,25,26) (S 31,31,25) (S 68,32,26) (S 80,26,32) (S 32,32,27) (S 78,32,31) (S 81,36,32) (S 89,32,36) (S 82,27,33) (S 61,28,22) (S 16,36,36) (D 0,1,1)
 0 1 6 75 167  17 (D 0,1,1) (S 56,22,18) (S 72,22,28) (S 29,22,21) (S 87,36,35) (S 34,40,36) (S 95,41,40) (S 94,39,40) (S 93,38,39) (S 18,39,39) (S 92,39,38) (S 88,39,35) (S 19,41,41) (S 90,41,37) (S 96,37,41) (S 17,37,37) (D 0,1,1)
 0 1 7 59 139  10 (D 0,1,1) (S 33,31,30) (S 76,34,29) (S 83,29,34) (S 84,35,34) (S 86,34,35) (S 85,38,34) (S 91,34,38) (S 79,35,31) (D 0,1,1)