6183
8
5679
5679
 0 1 1 1531 1275  24 (D 0,1,1) (S 10,21,21) (S 44,20,21) (S 26,27,21) (S 48,22,23) (S 45,16,22) (S 47,28,22) (S 11,22,22) (S 51,34,28) (S 15,40,40) (S 16,41,41) (S 14,32,32) (S 13,31,31) (S 12,25,25) (S 8,14,14) (S 5,8,8) (S 4,7,7) (S 1,1,1) (S 2,3,3) (S 3,4,4) (S 6,11,11) (S 7,12,12) (S 9,18,18) (D 0,1,1)
 0 1 2 1542 687  8 (D 0,1,1) (S 41,13,14) (S 43,20,19) (S 40,19,13) (S 25,25,19) (S 28,32,31) (S 36,9,10) (D 0,1,1)
 0 1 3 1525 486  7 (D 0,1,1) (S 42,17,16) (S 21,16,10) (S 23,18,17) (S 39,18,12) (S 49,30,24) (D 0,1,1)
 0 1 4 1536 776  11 (D 0,1,1) (S 50,26,27) (S 53,26,32) (S 29,33,32) (S 62,38,39) (S 59,37,38) (S 60,39,38) (S 31,40,39) (S 61,33,39) (S 32,41,40) (D 0,1,1)
 0 1 5 1519 1097  11 (D 0,1,1) (S 46,23,22) (S 27,29,23) (S 56,29,35) (S 58,30,36) (S 24,24,18) (S 30,36,35) (S 63,42,41) (S 22,12,11) (S 35,5,6) (D 0,1,1)
 0 1 6 1514 636  7 (D 0,1,1) (S 37,11,10) (S 20,10,4) (S 18,4,3) (S 34,6,5) (S 33,7,1) (D 0,1,1)
 0 1 7 1315 661  6 (D 0,1,1) (S 54,39,33) (S 55,33,34) (S 52,25,31) (S 57,41,35) (D 0,1,1)
 0 1 8 1043 565  5 (D 0,1,1) (S 19,9,3) (S 17,2,1) (S 38,5,11) (D 0,1,1)