190
8
1458
1458
 0 1 1 27 23  10 (D 0,1,1) (S 23,1,7) (S 24,1,8) (S 19,1,3) (S 20,1,4) (S 10,1,2) (S 34,6,4) (S 36,9,4) (S 33,5,4) (D 0,1,1)
 0 1 2 27 13  6 (D 0,1,1) (S 11,1,11) (S 21,1,5) (S 22,1,6) (S 44,11,7) (D 0,1,1)
 0 1 3 27 21  7 (D 0,1,1) (S 37,10,4) (S 38,11,4) (S 35,7,4) (S 3,4,4) (S 42,9,6) (D 0,1,1)
 0 1 4 27 19  7 (D 0,1,1) (S 27,7,2) (S 25,3,2) (S 13,10,2) (S 1,2,2) (S 28,11,2) (D 0,1,1)
 0 1 5 27 31  10 (D 0,1,1) (S 18,9,8) (S 7,8,8) (S 17,8,6) (S 45,11,8) (S 16,8,5) (S 32,11,3) (S 2,3,3) (S 30,6,3) (D 0,1,1)
 0 1 6 27 37  8 (D 0,1,1) (S 47,11,10) (S 29,5,3) (S 14,9,3) (S 31,8,3) (S 39,6,5) (S 40,9,5) (D 0,1,1)
 0 1 7 27 34  10 (D 0,1,1) (S 12,9,2) (S 26,6,2) (S 5,6,6) (S 43,10,6) (S 41,7,6) (S 4,5,5) (S 15,7,5) (S 6,7,7) (D 0,1,1)
 0 1 8 7 12  5 (D 0,1,1) (S 46,10,9) (S 8,9,9) (S 9,10,10) (D 0,1,1)