253
8
2020
2020
 0 1 1 27 14  10 (D 0,1,1) (S 12,1,11) (S 8,1,7) (S 17,3,1) (S 9,1,8) (S 10,1,9) (S 27,5,1) (S 7,1,6) (S 15,7,2) (D 0,1,1)
 0 1 2 27 44  11 (D 0,1,1) (S 11,1,10) (S 13,2,1) (S 22,4,1) (S 45,6,10) (S 33,9,6) (S 2,6,6) (S 32,7,6) (S 4,9,9) (S 26,10,4) (D 0,1,1)
 0 1 3 27 26  8 (D 0,1,1) (S 30,7,5) (S 46,7,10) (S 36,11,7) (S 25,7,4) (S 34,3,7) (S 19,4,3) (D 0,1,1)
 0 1 4 27 33  6 (D 0,1,1) (S 24,6,4) (S 40,6,8) (S 20,9,3) (S 42,4,9) (D 0,1,1)
 0 1 5 27 44  11 (D 0,1,1) (S 41,9,8) (S 38,4,8) (S 3,8,8) (S 39,5,8) (S 37,2,8) (S 28,2,5) (S 29,3,5) (S 1,5,5) (S 48,2,11) (D 0,1,1)
 0 1 6 26 33  8 (D 0,1,1) (S 35,9,7) (S 49,4,11) (S 6,11,11) (S 21,11,3) (S 43,11,9) (S 5,10,10) (D 0,1,1)
 0 1 7 27 30  7 (D 0,1,1) (S 16,9,2) (S 14,4,2) (S 18,2,3) (S 23,5,4) (S 44,3,10) (D 0,1,1)
 0 1 8 23 29  5 (D 0,1,1) (S 31,10,5) (S 50,5,11) (S 47,9,10) (D 0,1,1)