491
7
2014
2014
 0 1 1 45 45  11 (D 0,1,1) (S 26,1,11) (S 13,1,5) (S 14,1,20) (S 25,1,9) (S 37,11,1) (S 5,9,9) (S 2,3,3) (S 36,2,10) (S 29,10,2) (D 0,1,1)
 0 1 2 45 90  13 (D 0,1,1) (S 27,1,19) (S 32,6,5) (S 33,5,6) (S 31,4,5) (S 3,5,5) (S 30,5,4) (S 28,4,2) (S 1,2,2) (S 47,15,20) (S 9,15,15) (S 12,22,22) (D 0,1,1)
 0 1 3 45 86  8 (D 0,1,1) (S 44,9,19) (S 15,4,3) (S 46,22,19) (S 24,24,23) (S 50,24,21) (S 6,12,12) (D 0,1,1)
 0 1 4 45 80  7 (D 0,1,1) (S 45,20,19) (S 48,21,20) (S 49,15,21) (S 51,21,24) (S 19,13,7) (D 0,1,1)
 0 1 5 45 53  7 (D 0,1,1) (S 16,11,6) (S 35,6,7) (S 17,12,6) (S 34,7,6) (S 41,13,17) (D 0,1,1)
 0 1 6 45 77  11 (D 0,1,1) (S 23,23,21) (S 18,8,7) (S 21,14,13) (S 7,13,13) (S 39,17,16) (S 11,17,17) (S 38,17,12) (S 42,16,17) (S 43,17,18) (D 0,1,1)
 0 1 7 20 60  8 (D 0,1,1) (S 20,16,12) (S 40,12,17) (S 10,16,16) (S 22,18,14) (S 8,14,14) (S 4,8,8) (D 0,1,1)