7788
9
12284
12284
 0 1 1 1817 521  18 (D 0,1,1) (S 58,10,1) (S 45,1,2) (S 46,3,2) (S 1,2,2) (S 47,11,2) (S 8,11,11) (S 60,10,11) (S 69,11,19) (S 59,18,10) (S 7,10,10) (S 14,18,18) (S 15,19,19) (S 16,20,20) (S 9,12,12) (S 2,3,3) (S 3,4,4) (D 0,1,1)
 0 1 2 1817 789  20 (D 0,1,1) (S 48,4,3) (S 49,12,3) (S 50,3,4) (S 71,12,20) (S 72,19,20) (S 70,20,19) (S 75,20,21) (S 90,38,31) (S 89,32,31) (S 43,39,38) (S 35,43,43) (S 99,42,43) (S 102,45,44) (S 101,39,44) (S 36,44,44) (S 32,39,39) (S 97,32,39) (S 26,32,32) (D 0,1,1)
 0 1 3 1817 1115  28 (D 0,1,1) (S 73,4,21) (S 74,5,21) (S 61,5,13) (S 51,14,6) (S 4,6,6) (S 10,14,14) (S 64,23,14) (S 63,13,14) (S 78,14,23) (S 19,23,23) (S 80,24,23) (S 18,22,22) (S 24,28,28) (S 28,34,34) (S 29,35,35) (S 20,24,24) (S 21,25,25) (S 22,26,26) (S 13,17,17) (S 12,16,16) (S 11,15,15) (S 5,7,7) (S 6,9,9) (S 31,37,37) (S 40,49,49) (S 30,36,36) (D 0,1,1)
 0 1 4 1817 1048  18 (D 0,1,1) (S 87,30,29) (S 25,30,30) (S 88,42,30) (S 91,39,32) (S 98,40,39) (S 92,40,33) (S 33,40,40) (S 44,45,40) (S 27,33,33) (S 93,33,34) (S 23,27,27) (S 17,21,21) (S 77,21,22) (S 55,16,8) (S 39,48,48) (S 38,47,47) (D 0,1,1)
 0 1 5 1791 1151  14 (D 0,1,1) (S 52,8,7) (S 53,16,7) (S 56,8,9) (S 54,9,8) (S 67,25,16) (S 66,15,16) (S 83,16,25) (S 85,17,26) (S 62,22,13) (S 106,46,47) (S 37,46,46) (S 34,41,41) (D 0,1,1)
 0 1 6 1775 658  8 (D 0,1,1) (S 41,35,23) (S 79,22,23) (S 65,24,15) (S 81,25,24) (S 82,36,24) (S 84,16,26) (D 0,1,1)
 0 1 7 1760 1089  10 (D 0,1,1) (S 68,26,16) (S 57,17,9) (S 95,35,36) (S 96,48,36) (S 94,35,34) (S 105,35,47) (S 103,34,46) (S 104,47,46) (D 0,1,1)
 0 1 8 1643 849  7 (D 0,1,1) (S 100,44,43) (S 42,33,27) (S 76,27,21) (S 86,21,27) (S 107,47,48) (D 0,1,1)
 0 1 9 281 568  3 (D 0,1,1) (S 108,49,48) (D 0,1,1)