370
8
2094
2094
 0 1 1 27 37  8 (D 0,1,1) (S 19,1,15) (S 23,1,27) (S 10,1,3) (S 20,1,17) (S 22,1,24) (S 36,19,12) (D 0,1,1)
 0 1 2 27 27  10 (D 0,1,1) (S 21,1,19) (S 28,19,4) (S 27,12,4) (S 11,12,2) (S 35,13,12) (S 1,2,2) (S 12,4,3) (S 2,4,4) (D 0,1,1)
 0 1 3 27 33  8 (D 0,1,1) (S 26,6,4) (S 25,5,4) (S 5,10,10) (S 31,8,6) (S 3,6,6) (S 24,6,3) (D 0,1,1)
 0 1 4 27 48  8 (D 0,1,1) (S 39,17,15) (S 16,20,15) (S 37,15,13) (S 14,14,13) (S 38,18,14) (S 6,14,14) (D 0,1,1)
 0 1 5 27 44  7 (D 0,1,1) (S 29,6,5) (S 30,9,5) (S 32,9,6) (S 34,9,8) (S 4,8,8) (D 0,1,1)
 0 1 6 27 69  9 (D 0,1,1) (S 46,27,24) (S 13,8,3) (S 47,26,25) (S 9,26,26) (S 17,23,21) (S 8,23,23) (S 7,16,16) (D 0,1,1)
 0 1 7 27 59  6 (D 0,1,1) (S 33,11,7) (S 15,20,14) (S 41,25,18) (S 42,21,20) (D 0,1,1)
 0 1 8 25 53  7 (D 0,1,1) (S 44,23,22) (S 45,25,22) (S 43,22,21) (S 18,25,21) (S 40,21,18) (D 0,1,1)