319
7
2267
2267
 0 1 1 27 34  8 (D 0,1,1) (S 20,1,15) (S 12,1,3) (S 21,1,17) (S 13,1,27) (S 36,19,12) (S 27,19,4) (D 0,1,1)
 0 1 2 27 23  8 (D 0,1,1) (S 22,1,19) (S 1,2,2) (S 14,12,2) (S 35,13,12) (S 26,10,4) (S 23,4,3) (D 0,1,1)
 0 1 3 27 29  7 (D 0,1,1) (S 2,4,4) (S 34,11,10) (S 32,10,6) (S 28,6,5) (S 31,8,6) (D 0,1,1)
 0 1 4 27 73  11 (D 0,1,1) (S 40,17,15) (S 41,20,15) (S 38,15,13) (S 37,14,13) (S 39,16,14) (S 6,14,14) (S 9,21,21) (S 17,25,21) (S 8,20,20) (D 0,1,1)
 0 1 5 27 38  9 (D 0,1,1) (S 18,24,23) (S 11,24,24) (S 15,24,8) (S 45,27,24) (S 5,8,8) (S 33,27,8) (S 44,26,23) (D 0,1,1)
 0 1 6 27 67  11 (D 0,1,1) (S 29,9,5) (S 3,6,6) (S 24,6,3) (S 30,7,6) (S 4,7,7) (S 25,8,3) (S 19,27,26) (S 46,26,25) (S 10,22,22) (D 0,1,1)
 0 1 7 23 55  6 (D 0,1,1) (S 43,23,21) (S 42,25,18) (S 16,21,18) (S 7,16,16) (D 0,1,1)