599
7
13143
13143
 0 1 1 70 77  23 (D 0,1,1) (S 60,1,16) (S 32,1,15) (S 59,1,9) (S 69,9,1) (S 58,1,5) (S 4,5,5) (S 63,6,5) (S 64,5,6) (S 33,10,5) (S 82,10,17) (S 70,11,10) (S 7,10,10) (S 73,11,12) (S 71,6,11) (S 72,12,11) (S 8,11,11) (S 65,11,6) (S 9,12,12) (S 66,12,7) (S 84,19,18) (S 20,32,32) (D 0,1,1)
 0 1 2 70 67  22 (D 0,1,1) (S 34,14,9) (S 75,9,13) (S 6,9,9) (S 67,9,8) (S 77,22,14) (S 36,15,14) (S 37,23,14) (S 91,23,24) (S 14,23,23) (S 79,23,15) (S 44,23,22) (S 90,29,23) (S 89,24,23) (S 101,23,29) (S 88,15,23) (S 80,15,16) (S 38,24,15) (S 78,16,15) (S 15,24,24) (S 17,29,29) (D 0,1,1)
 0 1 3 70 75  15 (D 0,1,1) (S 11,16,16) (S 81,17,16) (S 40,24,17) (S 104,17,30) (S 39,18,17) (S 12,17,17) (S 83,30,17) (S 85,32,19) (S 35,19,12) (S 106,19,32) (S 49,40,32) (S 111,31,39) (S 19,31,31) (D 0,1,1)
 0 1 4 70 103  26 (D 0,1,1) (S 1,2,2) (S 61,2,3) (S 2,3,3) (S 62,4,3) (S 3,4,4) (S 5,6,6) (S 102,24,29) (S 92,29,24) (S 103,37,29) (S 46,29,28) (S 109,29,37) (S 18,30,30) (S 48,38,30) (S 110,30,39) (S 26,39,39) (S 105,39,31) (S 112,40,39) (S 52,46,38) (S 108,38,36) (S 25,38,38) (S 24,37,37) (S 23,35,35) (S 27,43,43) (S 28,44,44) (D 0,1,1)
 0 1 5 70 84  21 (D 0,1,1) (S 87,13,22) (S 74,8,13) (S 10,13,13) (S 76,22,13) (S 68,13,8) (S 43,26,21) (S 41,21,20) (S 42,22,21) (S 93,20,25) (S 86,25,20) (S 94,26,25) (S 107,25,33) (S 95,33,25) (S 96,25,26) (S 21,33,33) (S 50,42,34) (S 22,34,34) (S 45,34,26) (S 53,42,41) (D 0,1,1)
 0 1 6 69 108  19 (D 0,1,1) (S 100,27,28) (S 99,22,28) (S 47,36,28) (S 97,28,27) (S 98,35,27) (S 16,26,26) (S 13,22,22) (S 51,44,36) (S 118,45,46) (S 57,50,46) (S 122,49,50) (S 56,50,45) (S 121,50,49) (S 120,49,48) (S 31,49,49) (S 30,48,48) (S 29,47,47) (D 0,1,1)
 0 1 7 52 85  10 (D 0,1,1) (S 119,40,47) (S 116,44,45) (S 117,49,45) (S 55,48,45) (S 115,43,44) (S 113,44,43) (S 54,43,42) (S 114,48,43) (D 0,1,1)