4979
9
4611
4611
 0 1 1 1705 1210  32 (D 0,1,1) (S 33,7,1) (S 25,1,2) (S 26,2,1) (S 28,8,2) (S 27,3,2) (S 35,2,8) (S 37,7,8) (S 29,8,3) (S 50,8,14) (S 39,3,9) (S 5,16,16) (S 65,15,20) (S 4,14,14) (S 9,21,21) (S 66,20,21) (S 10,22,22) (S 6,17,17) (S 21,24,18) (S 7,18,18) (S 63,18,19) (S 2,10,10) (S 8,19,19) (S 3,12,12) (S 1,6,6) (S 12,25,25) (S 16,31,31) (S 15,30,30) (S 14,29,29) (S 13,28,28) (S 11,23,23) (D 0,1,1)
 0 1 2 1702 271  9 (D 0,1,1) (S 34,14,7) (S 51,15,14) (S 52,21,14) (S 53,14,15) (S 57,15,16) (S 55,20,15) (S 54,16,15) (D 0,1,1)
 0 1 3 1702 472  9 (D 0,1,1) (S 36,3,8) (S 38,9,8) (S 40,16,9) (S 56,9,16) (S 20,23,16) (S 61,19,18) (S 48,19,12) (D 0,1,1)
 0 1 4 1709 252  7 (D 0,1,1) (S 41,3,10) (S 17,10,4) (S 30,5,4) (S 58,10,17) (S 42,11,10) (D 0,1,1)
 0 1 5 1707 658  11 (D 0,1,1) (S 60,10,18) (S 43,17,10) (S 45,10,11) (S 46,11,12) (S 18,18,11) (S 44,5,11) (S 31,6,5) (S 32,5,6) (S 77,31,30) (D 0,1,1)
 0 1 6 1674 557  9 (D 0,1,1) (S 23,26,21) (S 67,21,22) (S 72,27,26) (S 74,29,27) (S 73,23,27) (S 75,29,28) (S 71,24,25) (D 0,1,1)
 0 1 7 1638 656  9 (D 0,1,1) (S 22,22,20) (S 59,18,17) (S 64,25,19) (S 70,19,25) (S 62,12,19) (S 47,13,12) (S 78,25,31) (D 0,1,1)
 0 1 8 1605 600  7 (D 0,1,1) (S 68,24,23) (S 69,25,24) (S 79,30,31) (S 24,30,29) (S 76,28,29) (D 0,1,1)
 0 1 9 896 303  4 (D 0,1,1) (S 49,12,13) (S 19,19,13) (D 0,1,1)