372
7
2025
2025
 0 1 1 27 30  8 (D 0,1,1) (S 13,1,15) (S 15,1,27) (S 21,1,24) (S 12,1,2) (S 20,1,19) (S 14,1,17) (D 0,1,1)
 0 1 2 27 47  10 (D 0,1,1) (S 1,2,2) (S 30,13,12) (S 31,14,13) (S 32,15,13) (S 35,21,14) (S 33,18,14) (S 7,14,14) (S 9,18,18) (D 0,1,1)
 0 1 3 27 58  8 (D 0,1,1) (S 36,17,15) (S 37,20,15) (S 39,21,20) (S 34,20,14) (S 40,25,21) (S 10,21,21) (D 0,1,1)
 0 1 4 27 42  7 (D 0,1,1) (S 42,24,23) (S 44,27,24) (S 43,26,23) (S 19,23,22) (S 45,26,25) (D 0,1,1)
 0 1 5 27 48  9 (D 0,1,1) (S 22,4,3) (S 2,3,3) (S 23,6,3) (S 24,8,3) (S 26,9,6) (S 5,6,6) (S 25,7,6) (D 0,1,1)
 0 1 6 27 85  11 (D 0,1,1) (S 11,26,26) (S 41,25,22) (S 38,25,18) (S 8,16,16) (S 27,10,6) (S 18,9,5) (S 4,5,5) (S 3,4,4) (S 6,10,10) (D 0,1,1)
 0 1 7 25 62  6 (D 0,1,1) (S 16,6,4) (S 17,10,4) (S 28,11,7) (S 29,9,8) (D 0,1,1)