726
8
14284
14284
 0 1 1 75 68  19 (D 0,1,1) (S 24,1,5) (S 55,2,1) (S 59,6,7) (S 58,12,6) (S 68,6,13) (S 3,6,6) (S 28,6,5) (S 7,12,12) (S 66,12,11) (S 32,20,12) (S 67,13,12) (S 70,12,13) (S 8,13,13) (S 69,7,13) (S 60,13,7) (S 9,14,14) (S 35,23,15) (D 0,1,1)
 0 1 2 75 61  13 (D 0,1,1) (S 38,20,19) (S 39,21,20) (S 77,30,20) (S 31,19,11) (S 37,19,18) (S 76,26,19) (S 75,29,18) (S 82,18,26) (S 57,18,5) (S 83,30,26) (S 14,26,26) (D 0,1,1)
 0 1 3 75 81  20 (D 0,1,1) (S 61,7,8) (S 4,7,7) (S 26,7,2) (S 25,3,2) (S 29,14,8) (S 63,8,9) (S 62,9,8) (S 5,9,9) (S 64,16,9) (S 71,9,16) (S 30,15,9) (S 34,16,15) (S 12,23,23) (S 80,31,23) (S 79,24,23) (S 88,23,31) (S 11,22,22) (S 16,31,31) (D 0,1,1)
 0 1 4 75 102  25 (D 0,1,1) (S 6,11,11) (S 56,11,5) (S 42,34,26) (S 74,26,18) (S 86,26,30) (S 87,34,30) (S 93,30,34) (S 94,34,35) (S 49,40,34) (S 47,34,33) (S 100,47,40) (S 112,40,47) (S 52,41,40) (S 23,47,47) (S 111,47,46) (S 101,48,41) (S 113,41,48) (S 114,49,48) (S 116,48,49) (S 102,49,41) (S 95,41,35) (S 115,41,49) (S 105,44,42) (D 0,1,1)
 0 1 5 75 89  16 (D 0,1,1) (S 33,22,14) (S 36,17,16) (S 72,24,16) (S 13,24,24) (S 81,32,24) (S 41,28,25) (S 84,32,28) (S 99,28,38) (S 85,38,28) (S 92,38,32) (S 89,32,31) (S 91,31,32) (S 18,37,37) (S 97,36,37) (D 0,1,1)
 0 1 6 75 129  15 (D 0,1,1) (S 78,22,21) (S 40,27,21) (S 15,27,27) (S 44,36,27) (S 43,35,27) (S 45,33,29) (S 48,46,33) (S 17,33,33) (S 20,39,39) (S 104,41,42) (S 117,50,49) (S 22,44,44) (S 107,45,43) (D 0,1,1)
 0 1 7 75 100  17 (D 0,1,1) (S 90,37,31) (S 98,38,37) (S 46,37,32) (S 51,43,38) (S 109,43,45) (S 21,43,43) (S 118,43,50) (S 106,42,43) (S 110,50,45) (S 108,38,45) (S 119,45,50) (S 54,50,44) (S 53,49,44) (S 103,36,42) (S 96,42,36) (D 0,1,1)
 0 1 8 30 96  10 (D 0,1,1) (S 1,3,3) (S 27,4,3) (S 2,4,4) (S 73,10,17) (S 65,17,10) (S 10,17,17) (S 19,38,38) (S 50,36,35) (D 0,1,1)