519
7
18029
18029
 0 1 1 70 56  17 (D 0,1,1) (S 57,1,10) (S 58,1,16) (S 56,1,9) (S 66,9,1) (S 3,5,5) (S 61,6,5) (S 62,5,6) (S 68,11,10) (S 69,17,10) (S 72,11,12) (S 70,12,11) (S 5,11,11) (S 35,18,11) (S 63,12,7) (S 36,19,12) (D 0,1,1)
 0 1 2 70 59  21 (D 0,1,1) (S 34,14,9) (S 67,13,9) (S 64,9,8) (S 7,14,14) (S 79,14,22) (S 37,15,14) (S 38,23,14) (S 82,23,24) (S 14,23,23) (S 75,23,15) (S 81,29,23) (S 80,24,23) (S 89,23,29) (S 39,24,15) (S 74,16,15) (S 8,15,15) (S 90,24,29) (S 40,24,17) (S 15,24,24) (D 0,1,1)
 0 1 3 70 88  18 (D 0,1,1) (S 9,16,16) (S 91,17,30) (S 41,31,17) (S 10,17,17) (S 76,30,17) (S 11,18,18) (S 77,32,19) (S 94,19,32) (S 71,7,12) (S 33,7,4) (S 59,4,3) (S 60,3,4) (S 2,3,3) (S 1,2,2) (S 4,6,6) (S 92,24,30) (D 0,1,1)
 0 1 4 70 74  18 (D 0,1,1) (S 32,6,3) (S 93,32,31) (S 103,31,39) (S 95,31,32) (S 20,31,31) (S 49,40,32) (S 113,40,47) (S 105,40,39) (S 104,38,39) (S 25,39,39) (S 102,30,39) (S 112,39,47) (S 19,30,30) (S 48,38,30) (S 47,30,29) (S 18,29,29) (D 0,1,1)
 0 1 5 70 65  18 (D 0,1,1) (S 88,27,28) (S 46,36,28) (S 45,29,28) (S 86,28,27) (S 17,28,28) (S 87,35,27) (S 43,27,26) (S 97,35,34) (S 106,35,43) (S 98,43,35) (S 50,36,35) (S 51,44,36) (S 99,38,36) (S 101,36,38) (S 24,38,38) (S 23,37,37) (D 0,1,1)
 0 1 6 70 84  22 (D 0,1,1) (S 6,13,13) (S 73,22,13) (S 65,13,8) (S 12,21,21) (S 42,21,20) (S 83,20,25) (S 78,25,20) (S 84,26,25) (S 96,25,33) (S 16,25,25) (S 85,25,26) (S 21,33,33) (S 22,34,34) (S 44,34,26) (S 52,46,38) (S 108,37,44) (S 100,29,37) (S 111,45,46) (S 55,50,46) (S 31,50,50) (D 0,1,1)
 0 1 7 48 93  15 (D 0,1,1) (S 13,22,22) (S 53,42,41) (S 26,42,42) (S 109,43,44) (S 27,43,43) (S 107,48,43) (S 110,44,45) (S 28,45,45) (S 54,48,45) (S 114,49,48) (S 30,49,49) (S 115,48,49) (S 29,48,48) (D 0,1,1)