500
7
6831
6831
 0 1 1 65 36  11 (D 0,1,1) (S 42,1,11) (S 85,40,1) (S 55,11,1) (S 22,1,35) (S 41,1,8) (S 21,1,33) (S 20,1,10) (S 43,1,40) (S 40,1,2) (D 0,1,1)
 0 1 2 65 53  18 (D 0,1,1) (S 19,1,6) (S 44,2,1) (S 45,3,2) (S 1,2,2) (S 23,36,2) (S 49,12,6) (S 56,6,12) (S 4,6,6) (S 8,12,12) (S 57,11,12) (S 27,17,12) (S 61,13,17) (S 25,13,7) (S 9,13,13) (S 62,13,18) (S 5,7,7) (D 0,1,1)
 0 1 3 65 86  16 (D 0,1,1) (S 26,16,11) (S 7,11,11) (S 60,15,16) (S 59,10,16) (S 28,15,14) (S 58,9,15) (S 10,15,15) (S 54,9,10) (S 53,10,9) (S 52,8,9) (S 50,9,8) (S 6,8,8) (S 73,35,34) (S 80,38,37) (D 0,1,1)
 0 1 4 65 85  14 (D 0,1,1) (S 67,35,28) (S 75,34,35) (S 74,28,35) (S 39,36,35) (S 76,37,36) (S 79,36,37) (S 78,30,37) (S 77,3,37) (S 70,37,31) (S 81,37,38) (S 2,3,3) (S 3,4,4) (D 0,1,1)
 0 1 5 65 102  14 (D 0,1,1) (S 51,40,8) (S 72,26,33) (S 38,34,33) (S 35,34,27) (S 66,28,27) (S 34,27,26) (S 17,28,28) (S 16,26,26) (S 24,7,3) (S 46,3,4) (S 47,4,5) (S 84,38,39) (D 0,1,1)
 0 1 6 65 80  13 (D 0,1,1) (S 18,29,29) (S 68,31,30) (S 69,30,31) (S 71,31,32) (S 36,38,31) (S 82,39,38) (S 37,39,32) (S 48,39,5) (S 83,5,39) (S 11,18,18) (S 29,19,18) (D 0,1,1)
 0 1 7 40 58  13 (D 0,1,1) (S 30,22,18) (S 63,22,21) (S 32,25,22) (S 65,21,22) (S 13,21,21) (S 64,24,21) (S 33,25,24) (S 15,24,24) (S 14,23,23) (S 31,23,20) (S 12,20,20) (D 0,1,1)