194
7
874625
874625
 0 1 1 27 16  8 (D 0,1,1) (S 19,1,3) (S 20,1,4) (S 22,1,10) (S 21,1,5) (S 18,1,2) (S 7,8,8) (D 0,1,1)
 0 1 2 27 33  8 (D 0,1,1) (S 42,9,8) (S 33,8,4) (S 43,10,8) (S 44,11,8) (S 9,11,11) (S 38,11,5) (D 0,1,1)
 0 1 3 27 25  9 (D 0,1,1) (S 34,9,4) (S 3,4,4) (S 32,5,4) (S 35,10,4) (S 29,4,3) (S 36,11,4) (S 5,6,6) (D 0,1,1)
 0 1 4 27 25  8 (D 0,1,1) (S 28,10,2) (S 25,6,2) (S 26,7,2) (S 27,8,2) (S 1,2,2) (S 4,5,5) (D 0,1,1)
 0 1 5 27 33  11 (D 0,1,1) (S 10,8,3) (S 12,8,5) (S 40,9,7) (S 6,7,7) (S 30,7,3) (S 41,10,7) (S 37,7,5) (S 15,11,7) (S 2,3,3) (D 0,1,1)
 0 1 6 27 44  9 (D 0,1,1) (S 17,11,10) (S 31,10,3) (S 23,3,2) (S 13,10,5) (S 11,6,5) (S 8,9,9) (S 14,10,6) (D 0,1,1)
 0 1 7 14 18  5 (D 0,1,1) (S 24,4,2) (S 39,9,6) (S 16,10,9) (D 0,1,1)