495
8
3323125
3323125
 0 1 1 50 73  15 (D 0,1,1) (S 17,1,7) (S 35,1,30) (S 18,1,31) (S 64,30,1) (S 36,2,1) (S 34,1,2) (S 37,2,3) (S 1,2,2) (S 2,3,3) (S 43,4,9) (S 47,13,12) (S 3,4,4) (S 9,12,12) (D 0,1,1)
 0 1 2 50 51  8 (D 0,1,1) (S 19,8,2) (S 20,4,3) (S 23,13,9) (S 22,9,8) (S 6,8,8) (S 38,31,5) (D 0,1,1)
 0 1 3 50 55  13 (D 0,1,1) (S 33,31,29) (S 66,5,31) (S 4,5,5) (S 44,5,10) (S 39,5,6) (S 62,28,29) (S 63,30,29) (S 32,29,27) (S 65,29,30) (S 30,27,24) (S 15,23,23) (D 0,1,1)
 0 1 4 50 55  11 (D 0,1,1) (S 61,26,28) (S 59,28,25) (S 16,28,28) (S 60,28,26) (S 31,27,26) (S 29,24,23) (S 41,6,7) (S 5,6,6) (S 8,11,11) (D 0,1,1)
 0 1 5 50 65  13 (D 0,1,1) (S 40,11,6) (S 54,11,17) (S 24,11,10) (S 46,12,11) (S 50,10,14) (S 7,10,10) (S 45,16,10) (S 51,15,14) (S 52,14,15) (S 11,17,17) (S 10,15,15) (D 0,1,1)
 0 1 6 47 74  12 (D 0,1,1) (S 21,13,4) (S 25,19,13) (S 49,12,13) (S 48,18,12) (S 56,21,18) (S 57,18,19) (S 55,19,18) (S 12,18,18) (S 14,21,21) (S 13,19,19) (D 0,1,1)
 0 1 7 48 58  6 (D 0,1,1) (S 42,8,7) (S 28,22,21) (S 26,21,19) (S 58,20,19) (D 0,1,1)
 0 1 8 15 64  4 (D 0,1,1) (S 53,17,16) (S 27,22,20) (D 0,1,1)