4780
7
3919875
3919875
 0 1 1 1809 592  11 (D 0,1,1) (S 35,25,21) (S 28,20,21) (S 30,21,22) (S 29,21,17) (S 22,22,17) (S 31,17,22) (S 19,15,16) (S 1,24,24) (S 42,23,29) (D 0,1,1)
 0 1 2 1808 391  9 (D 0,1,1) (S 32,22,23) (S 49,27,35) (S 40,31,27) (S 39,26,27) (S 43,27,31) (S 37,25,26) (S 20,16,17) (D 0,1,1)
 0 1 3 1796 637  10 (D 0,1,1) (S 21,18,17) (S 18,8,16) (S 16,15,13) (S 34,20,25) (S 38,34,26) (S 36,33,25) (S 44,28,31) (S 52,37,36) (D 0,1,1)
 0 1 4 1780 531  8 (D 0,1,1) (S 51,31,36) (S 41,29,28) (S 25,23,18) (S 33,25,24) (S 47,33,34) (S 46,32,33) (D 0,1,1)
 0 1 5 1789 569  8 (D 0,1,1) (S 13,18,10) (S 24,19,18) (S 23,10,18) (S 27,30,19) (S 26,10,19) (S 53,30,38) (D 0,1,1)
 0 1 6 1742 847  11 (D 0,1,1) (S 10,8,9) (S 9,7,8) (S 8,13,7) (S 7,6,7) (S 15,13,12) (S 17,24,14) (S 6,12,6) (S 45,24,32) (S 48,35,34) (D 0,1,1)
 0 1 7 1703 1213  10 (D 0,1,1) (S 50,36,35) (S 14,10,11) (S 12,9,10) (S 11,4,10) (S 3,5,4) (S 4,11,5) (S 2,3,2) (S 5,1,6) (D 0,1,1)