378
7
1844959
1844959
 0 1 1 27 45  9 (D 0,1,1) (S 25,1,24) (S 26,2,1) (S 23,1,15) (S 24,1,17) (S 10,19,19) (S 27,12,2) (S 38,14,13) (D 0,1,1)
 0 1 2 27 49  8 (D 0,1,1) (S 37,13,12) (S 39,15,13) (S 6,14,14) (S 40,20,14) (S 41,21,14) (S 19,25,18) (D 0,1,1)
 0 1 3 27 54  10 (D 0,1,1) (S 22,27,24) (S 12,23,23) (S 45,23,22) (S 21,26,23) (S 43,23,21) (S 14,26,26) (S 15,27,27) (S 13,25,25) (D 0,1,1)
 0 1 4 27 64  12 (D 0,1,1) (S 30,8,3) (S 1,3,3) (S 28,4,3) (S 29,6,3) (S 16,7,6) (S 34,8,6) (S 3,5,5) (S 33,9,5) (S 2,4,4) (S 4,7,7) (D 0,1,1)
 0 1 5 27 63  10 (D 0,1,1) (S 7,15,15) (S 42,20,15) (S 20,21,20) (S 11,21,21) (S 44,25,21) (S 9,18,18) (S 18,18,14) (S 8,16,16) (D 0,1,1)
 0 1 6 27 44  6 (D 0,1,1) (S 17,9,6) (S 35,10,6) (S 31,5,4) (S 5,8,8) (D 0,1,1)
 0 1 7 13 59  5 (D 0,1,1) (S 46,25,22) (S 32,10,4) (S 36,11,10) (D 0,1,1)