200
7
1300958
367250
 0 1 1 20 10  8 (D 0,1,1) (S 2,3,3) (S 14,3,4) (S 25,2,4) (S 26,4,5) (S 3,4,4) (S 1,2,2) (D 0,1,1)
 0 1 2 20 24  7 (D 0,1,1) (S 15,5,10) (S 4,5,5) (S 27,5,6) (S 18,10,11) (S 36,20,23) (D 0,1,1)
 0 1 3 20 32  9 (D 0,1,1) (S 19,10,20) (S 37,21,20) (S 39,23,20) (S 35,19,20) (S 24,22,23) (S 23,21,24) (S 30,15,16) (D 0,1,1)
 0 1 4 20 29  10 (D 0,1,1) (S 16,6,7) (S 5,6,6) (S 10,12,12) (S 31,16,12) (S 20,11,15) (S 9,11,11) (S 32,16,15) (S 11,13,13) (D 0,1,1)
 0 1 5 19 38  7 (D 0,1,1) (S 8,9,9) (S 17,9,19) (S 38,22,19) (S 40,23,24) (S 33,17,18) (D 0,1,1)
 0 1 6 19 35  7 (D 0,1,1) (S 22,15,21) (S 13,16,16) (S 29,13,14) (S 21,13,17) (S 34,18,17) (D 0,1,1)
 0 1 7 19 32  6 (D 0,1,1) (S 28,8,7) (S 6,7,7) (S 7,8,8) (S 12,14,14) (D 0,1,1)