316
7
264666
247792
 0 1 1 41 36  5 (D 0,1,1) (S 15,3,1) (S 13,1,7) (S 14,1,8) (D 0,1,1)
 0 1 2 39 79  6 (D 0,1,1) (S 12,1,5) (S 17,4,1) (S 11,7,8) (S 19,5,7) (D 0,1,1)
 0 1 3 40 32  8 (D 0,1,1) (S 20,7,10) (S 6,7,7) (S 22,8,10) (S 23,9,10) (S 16,3,6) (S 10,6,9) (D 0,1,1)
 0 1 4 40 46  6 (D 0,1,1) (S 18,4,2) (S 9,3,4) (S 3,4,4) (S 4,5,5) (D 0,1,1)
 0 1 5 38 83  6 (D 0,1,1) (S 2,3,3) (S 5,6,6) (S 8,2,8) (S 21,8,9) (D 0,1,1)
 0 1 6 31 18  3 (D 0,1,1) (S 1,2,2) (D 0,1,1)
 0 1 7 16 22  3 (D 0,1,1) (S 7,9,9) (D 0,1,1)