31679
45
132735333
2738583
 0 1 1 120 563  9 (D 0,1,1) (S 51,1,116) (S 211,115,116) (S 213,116,117) (S 40,115,115) (S 212,115,117) (S 52,2,117) (S 190,97,98) (D 0,1,1)
 0 1 2 117 310  6 (D 0,1,1) (S 209,114,115) (S 214,117,118) (S 215,117,119) (S 220,121,122) (D 0,1,1)
 0 1 3 118 396  10 (D 0,1,1) (S 42,119,119) (S 217,119,120) (S 218,120,121) (S 219,120,123) (S 216,118,121) (S 221,122,123) (S 174,86,87) (S 180,90,91) (D 0,1,1)
 0 1 4 120 272  6 (D 0,1,1) (S 210,114,118) (S 208,113,114) (S 196,103,113) (S 207,112,113) (D 0,1,1)
 0 1 5 119 515  11 (D 0,1,1) (S 203,107,112) (S 206,110,112) (S 202,107,110) (S 199,106,107) (S 201,107,108) (S 205,110,111) (S 38,108,108) (S 197,104,105) (S 186,94,101) (D 0,1,1)
 0 1 6 118 460  8 (D 0,1,1) (S 41,118,118) (S 182,91,118) (S 176,87,122) (S 222,123,124) (S 224,124,126) (S 232,131,132) (D 0,1,1)
 0 1 7 120 457  8 (D 0,1,1) (S 43,123,123) (S 223,123,125) (S 44,124,124) (S 226,126,127) (S 228,126,131) (S 240,136,138) (D 0,1,1)
 0 1 8 118 477  7 (D 0,1,1) (S 200,106,108) (S 37,106,106) (S 198,105,106) (S 195,102,104) (S 35,94,94) (D 0,1,1)
 0 1 9 120 442  8 (D 0,1,1) (S 173,85,86) (S 175,86,88) (S 171,84,85) (S 170,83,84) (S 172,84,92) (S 167,82,83) (D 0,1,1)
 0 1 10 120 481  4 (D 0,1,1) (S 204,108,109) (S 193,101,102) (D 0,1,1)
 0 1 11 118 426  6 (D 0,1,1) (S 144,66,91) (S 181,91,103) (S 178,88,90) (S 179,89,92) (D 0,1,1)
 0 1 12 120 474  7 (D 0,1,1) (S 194,102,103) (S 34,90,90) (S 177,88,89) (S 169,82,92) (S 168,82,84) (D 0,1,1)
 0 1 13 119 519  7 (D 0,1,1) (S 148,68,90) (S 165,80,82) (S 166,81,83) (S 164,80,81) (S 163,79,81) (D 0,1,1)
 0 1 14 118 471  6 (D 0,1,1) (S 54,4,124) (S 45,126,126) (S 230,127,129) (S 234,132,133) (D 0,1,1)
 0 1 15 120 521  7 (D 0,1,1) (S 225,125,138) (S 233,131,138) (S 238,134,136) (S 235,133,134) (S 47,135,135) (D 0,1,1)
 0 1 16 120 521  7 (D 0,1,1) (S 227,126,130) (S 229,127,128) (S 231,128,129) (S 46,131,131) (S 236,133,135) (D 0,1,1)
 0 1 17 119 498  9 (D 0,1,1) (S 33,84,84) (S 32,83,83) (S 31,81,81) (S 161,78,79) (S 30,79,79) (S 162,79,80) (S 113,46,47) (D 0,1,1)
 0 1 18 120 791  7 (D 0,1,1) (S 48,136,136) (S 239,136,137) (S 237,134,135) (S 53,3,128) (S 146,67,68) (D 0,1,1)
 0 1 19 117 492  7 (D 0,1,1) (S 36,101,101) (S 145,66,101) (S 185,94,100) (S 183,93,94) (S 142,64,93) (D 0,1,1)
 0 1 20 119 587  5 (D 0,1,1) (S 184,94,95) (S 192,99,100) (S 191,97,99) (D 0,1,1)
 0 1 21 118 523  8 (D 0,1,1) (S 25,66,66) (S 143,66,67) (S 138,62,66) (S 147,67,69) (S 149,69,70) (S 150,69,71) (D 0,1,1)
 0 1 22 120 604  8 (D 0,1,1) (S 160,77,78) (S 114,46,77) (S 159,76,77) (S 158,75,76) (S 157,74,76) (S 109,43,46) (D 0,1,1)
 0 1 23 118 649  11 (D 0,1,1) (S 140,63,93) (S 139,63,64) (S 137,62,63) (S 24,63,63) (S 131,57,62) (S 130,57,58) (S 133,58,70) (S 151,70,71) (S 156,73,74) (D 0,1,1)
 0 1 24 120 654  9 (D 0,1,1) (S 26,67,67) (S 27,69,69) (S 153,71,75) (S 152,71,72) (S 154,72,73) (S 93,34,45) (S 107,42,47) (D 0,1,1)
 0 1 25 119 1005  8 (D 0,1,1) (S 39,109,109) (S 141,64,65) (S 129,56,65) (S 126,55,56) (S 128,56,57) (S 106,42,43) (D 0,1,1)
 0 1 26 119 741  9 (D 0,1,1) (S 28,72,72) (S 155,72,74) (S 111,44,73) (S 29,76,76) (S 100,37,43) (S 95,35,36) (S 101,38,39) (D 0,1,1)
 0 1 27 120 659  7 (D 0,1,1) (S 132,58,59) (S 135,59,61) (S 134,59,60) (S 22,59,59) (S 23,60,60) (D 0,1,1)
 0 1 28 120 1050  11 (D 0,1,1) (S 187,95,96) (S 188,96,97) (S 189,96,99) (S 127,55,140) (S 124,54,55) (S 125,54,140) (S 21,54,54) (S 50,140,140) (S 86,28,29) (D 0,1,1)
 0 1 29 119 631  7 (D 0,1,1) (S 108,43,44) (S 99,37,42) (S 97,36,37) (S 96,35,37) (S 12,35,35) (D 0,1,1)
 0 1 30 119 940  5 (D 0,1,1) (S 105,41,47) (S 110,44,45) (S 85,27,28) (D 0,1,1)
 0 1 31 117 747  7 (D 0,1,1) (S 16,44,44) (S 112,45,60) (S 17,45,45) (S 94,34,139) (S 91,33,139) (D 0,1,1)
 0 1 32 120 869  7 (D 0,1,1) (S 92,34,35) (S 98,36,38) (S 102,38,41) (S 13,38,38) (S 115,48,49) (D 0,1,1)
 0 1 33 115 998  8 (D 0,1,1) (S 136,60,61) (S 118,49,61) (S 119,49,140) (S 116,48,50) (S 120,50,51) (S 87,28,30) (D 0,1,1)
 0 1 34 119 964  9 (D 0,1,1) (S 123,53,140) (S 20,53,53) (S 122,52,53) (S 121,51,52) (S 19,51,51) (S 18,50,50) (S 70,13,17) (D 0,1,1)
 0 1 35 115 882  8 (D 0,1,1) (S 103,39,40) (S 14,39,39) (S 15,41,41) (S 104,40,41) (S 49,139,139) (S 65,11,33) (D 0,1,1)
 0 1 36 119 1000  6 (D 0,1,1) (S 117,48,139) (S 88,29,33) (S 66,12,13) (S 74,18,19) (D 0,1,1)
 0 1 37 114 909  6 (D 0,1,1) (S 59,8,11) (S 4,11,11) (S 63,11,12) (S 68,13,14) (D 0,1,1)
 0 1 38 118 878  5 (D 0,1,1) (S 64,11,27) (S 5,12,12) (S 67,12,20) (D 0,1,1)
 0 1 39 119 1014  11 (D 0,1,1) (S 69,13,16) (S 6,13,13) (S 73,17,18) (S 72,15,17) (S 71,15,16) (S 61,10,15) (S 62,10,19) (S 60,9,10) (S 57,6,8) (D 0,1,1)
 0 1 40 114 920  6 (D 0,1,1) (S 10,30,30) (S 89,30,31) (S 90,30,32) (S 83,25,27) (D 0,1,1)
 0 1 41 115 1072  7 (D 0,1,1) (S 58,8,9) (S 56,6,7) (S 2,6,6) (S 55,5,6) (S 76,20,22) (D 0,1,1)
 0 1 42 119 1156  6 (D 0,1,1) (S 7,14,14) (S 3,9,9) (S 1,5,5) (S 8,22,22) (D 0,1,1)
 0 1 43 111 1090  6 (D 0,1,1) (S 81,24,25) (S 82,25,26) (S 77,20,24) (S 80,23,26) (D 0,1,1)
 0 1 44 114 1018  4 (D 0,1,1) (S 75,20,21) (S 79,23,24) (D 0,1,1)
 0 1 45 101 1033  6 (D 0,1,1) (S 11,31,31) (S 84,26,31) (S 9,26,26) (S 78,21,23) (D 0,1,1)