659
8
1209500
406791
 0 1 1 40 54  9 (D 0,1,1) (S 24,1,3) (S 17,1,2) (S 1,2,2) (S 19,4,5) (S 18,3,4) (S 27,9,3) (S 37,21,15) (D 0,1,1)
 0 1 2 40 110  8 (D 0,1,1) (S 2,3,3) (S 28,9,19) (S 21,9,10) (S 30,11,10) (S 36,20,23) (S 33,14,18) (D 0,1,1)
 0 1 3 40 75  8 (D 0,1,1) (S 20,5,10) (S 29,11,5) (S 25,5,11) (S 31,12,11) (S 22,11,15) (S 34,16,15) (D 0,1,1)
 0 1 4 39 63  6 (D 0,1,1) (S 5,10,10) (S 39,23,20) (S 13,20,20) (S 38,21,24) (D 0,1,1)
 0 1 5 39 88  6 (D 0,1,1) (S 23,19,22) (S 12,19,19) (S 14,22,22) (S 35,17,13) (D 0,1,1)
 0 1 6 40 70  7 (D 0,1,1) (S 8,15,15) (S 9,16,16) (S 10,17,17) (S 32,13,17) (S 11,18,18) (D 0,1,1)
 0 1 7 35 115  7 (D 0,1,1) (S 40,23,24) (S 15,23,23) (S 16,24,24) (S 7,14,14) (S 26,7,8) (D 0,1,1)
 0 1 8 37 84  5 (D 0,1,1) (S 6,12,12) (S 3,6,6) (S 4,8,8) (D 0,1,1)