239
9
888000
405666
 0 1 1 27 6  10 (D 0,1,1) (S 17,3,1) (S 8,1,7) (S 9,1,8) (S 10,1,9) (S 27,5,1) (S 11,1,10) (S 46,10,7) (S 15,2,7) (D 0,1,1)
 0 1 2 27 31  9 (D 0,1,1) (S 7,1,6) (S 13,2,1) (S 22,4,1) (S 12,1,11) (S 36,7,11) (S 48,11,2) (S 19,3,4) (D 0,1,1)
 0 1 3 27 47  9 (D 0,1,1) (S 24,4,6) (S 2,6,6) (S 32,6,7) (S 40,8,6) (S 33,6,9) (S 45,10,6) (S 16,2,9) (D 0,1,1)
 0 1 4 26 26  7 (D 0,1,1) (S 25,4,7) (S 34,7,3) (S 35,7,9) (S 30,5,7) (S 29,5,3) (D 0,1,1)
 0 1 5 26 24  8 (D 0,1,1) (S 41,8,9) (S 38,8,4) (S 39,8,5) (S 3,8,8) (S 37,8,2) (S 14,2,4) (D 0,1,1)
 0 1 6 27 34  6 (D 0,1,1) (S 49,11,4) (S 21,3,11) (S 50,11,5) (S 26,4,10) (D 0,1,1)
 0 1 7 27 26  7 (D 0,1,1) (S 4,9,9) (S 43,9,11) (S 47,10,9) (S 20,3,9) (S 42,9,4) (D 0,1,1)
 0 1 8 27 24  6 (D 0,1,1) (S 31,5,10) (S 23,4,5) (S 1,5,5) (S 28,5,2) (D 0,1,1)
 0 1 9 21 21  6 (D 0,1,1) (S 18,3,2) (S 44,10,3) (S 6,11,11) (S 5,10,10) (D 0,1,1)