133
9
439084
302917
 0 1 1 27 4  10 (D 0,1,1) (S 16,1,4) (S 11,1,11) (S 10,1,7) (S 25,5,8) (S 26,5,10) (S 4,5,5) (S 12,3,5) (S 31,7,10) (D 0,1,1)
 0 1 2 27 40  8 (D 0,1,1) (S 5,6,6) (S 15,6,10) (S 28,6,8) (S 29,6,9) (S 32,8,9) (S 23,4,5) (D 0,1,1)
 0 1 3 27 28  8 (D 0,1,1) (S 2,3,3) (S 13,3,7) (S 22,3,11) (S 20,3,9) (S 19,3,4) (S 18,2,7) (D 0,1,1)
 0 1 4 25 24  6 (D 0,1,1) (S 30,7,9) (S 24,5,7) (S 6,7,7) (S 27,5,11) (D 0,1,1)
 0 1 5 22 13  5 (D 0,1,1) (S 7,8,8) (S 17,2,3) (S 14,4,11) (D 0,1,1)
 0 1 6 23 12  5 (D 0,1,1) (S 21,3,10) (S 9,10,10) (S 33,9,10) (D 0,1,1)
 0 1 7 8 4  3 (D 0,1,1) (S 8,9,9) (D 0,1,1)
 0 1 8 21 4  3 (D 0,1,1) (S 1,2,2) (D 0,1,1)
 0 1 9 25 4  3 (D 0,1,1) (S 3,4,4) (D 0,1,1)