554
7
352333
263292
 0 1 1 35 26  6 (D 0,1,1) (S 13,1,5) (S 1,2,2) (S 14,2,6) (S 16,3,6) (D 0,1,1)
 0 1 2 35 102  6 (D 0,1,1) (S 11,2,3) (S 15,2,8) (S 4,6,6) (S 20,8,9) (D 0,1,1)
 0 1 3 35 99  6 (D 0,1,1) (S 2,3,3) (S 19,6,12) (S 12,5,10) (S 18,4,10) (D 0,1,1)
 0 1 4 35 119  6 (D 0,1,1) (S 17,4,5) (S 8,10,10) (S 21,11,13) (S 6,8,8) (D 0,1,1)
 0 1 5 34 48  4 (D 0,1,1) (S 3,4,4) (S 5,7,7) (D 0,1,1)
 0 1 6 29 86  4 (D 0,1,1) (S 10,12,12) (S 9,11,11) (D 0,1,1)
 0 1 7 9 74  3 (D 0,1,1) (S 7,9,9) (D 0,1,1)