153
8
502125
324291
 0 1 1 27 3  11 (D 0,1,1) (S 8,1,3) (S 17,1,9) (S 16,1,4) (S 9,1,7) (S 15,1,2) (S 18,1,11) (S 32,5,8) (S 4,5,5) (S 22,2,8) (D 0,1,1)
 0 1 2 27 35  8 (D 0,1,1) (S 28,4,6) (S 10,6,7) (S 5,6,6) (S 35,6,8) (S 36,6,9) (S 23,2,11) (D 0,1,1)
 0 1 3 26 20  7 (D 0,1,1) (S 11,7,9) (S 12,7,10) (S 13,7,11) (S 31,5,7) (S 20,2,4) (D 0,1,1)
 0 1 4 26 26  6 (D 0,1,1) (S 21,2,5) (S 33,5,10) (S 27,4,5) (S 24,3,5) (D 0,1,1)
 0 1 5 26 22  6 (D 0,1,1) (S 2,3,3) (S 26,3,11) (S 19,2,3) (S 37,9,11) (D 0,1,1)
 0 1 6 26 9  6 (D 0,1,1) (S 6,8,8) (S 1,2,2) (S 29,4,9) (S 30,4,11) (D 0,1,1)
 0 1 7 24 30  5 (D 0,1,1) (S 34,5,11) (S 25,3,9) (S 14,9,10) (D 0,1,1)
 0 1 8 23 8  4 (D 0,1,1) (S 7,10,10) (S 3,4,4) (D 0,1,1)