301
7
324583
281791
 0 1 1 41 21  5 (D 0,1,1) (S 16,3,1) (S 7,1,4) (S 12,1,5) (D 0,1,1)
 0 1 2 40 65  8 (D 0,1,1) (S 13,1,6) (S 8,1,7) (S 10,6,7) (S 24,7,8) (S 18,3,7) (S 4,7,7) (D 0,1,1)
 0 1 3 39 32  7 (D 0,1,1) (S 25,7,10) (S 22,5,7) (S 11,8,10) (S 26,9,10) (S 17,3,6) (D 0,1,1)
 0 1 4 40 40  7 (D 0,1,1) (S 19,4,2) (S 20,4,5) (S 2,4,4) (S 3,5,5) (S 21,5,6) (D 0,1,1)
 0 1 5 37 66  6 (D 0,1,1) (S 9,3,8) (S 14,2,3) (S 23,6,9) (S 1,2,2) (D 0,1,1)
 0 1 6 32 55  4 (D 0,1,1) (S 15,2,8) (S 5,8,8) (D 0,1,1)
 0 1 7 16 22  3 (D 0,1,1) (S 6,9,9) (D 0,1,1)