665
7
308750
236375
 0 1 1 35 38  6 (D 0,1,1) (S 7,1,3) (S 11,1,4) (S 10,1,2) (S 18,8,9) (D 0,1,1)
 0 1 2 35 57  5 (D 0,1,1) (S 1,2,2) (S 13,2,8) (S 16,6,12) (D 0,1,1)
 0 1 3 34 198  7 (D 0,1,1) (S 12,2,3) (S 15,6,10) (S 2,3,3) (S 17,7,9) (S 21,11,13) (D 0,1,1)
 0 1 4 29 135  5 (D 0,1,1) (S 8,4,11) (S 14,4,10) (S 9,8,12) (D 0,1,1)
 0 1 5 27 40  4 (D 0,1,1) (S 3,4,4) (S 4,5,5) (D 0,1,1)
 0 1 6 29 108  4 (D 0,1,1) (S 19,10,11) (S 20,11,12) (D 0,1,1)
 0 1 7 23 89  4 (D 0,1,1) (S 6,12,12) (S 5,9,9) (D 0,1,1)