121
7
353542
284917
 0 1 1 27 21  9 (D 0,1,1) (S 15,1,7) (S 16,1,8) (S 14,1,3) (S 10,1,2) (S 17,1,11) (S 26,6,11) (S 13,7,11) (D 0,1,1)
 0 1 2 27 4  7 (D 0,1,1) (S 18,2,5) (S 1,2,2) (S 11,2,3) (S 2,3,3) (S 21,3,10) (D 0,1,1)
 0 1 3 27 34  8 (D 0,1,1) (S 22,3,11) (S 23,4,7) (S 25,6,7) (S 27,7,8) (S 28,7,10) (S 6,7,7) (D 0,1,1)
 0 1 4 25 32  8 (D 0,1,1) (S 19,2,8) (S 7,8,8) (S 9,10,10) (S 24,5,7) (S 4,5,5) (S 12,4,9) (D 0,1,1)
 0 1 5 18 14  4 (D 0,1,1) (S 20,3,5) (S 3,4,4) (D 0,1,1)
 0 1 6 15 8  3 (D 0,1,1) (S 5,6,6) (D 0,1,1)
 0 1 7 15 8  3 (D 0,1,1) (S 8,9,9) (D 0,1,1)