9644
8
205926416
205926416
 0 1 1 1874 784  26 (D 0,1,1) (S 46,87,87) (S 104,74,75) (S 38,74,74) (S 96,62,61) (S 95,61,60) (S 32,62,62) (S 97,50,63) (S 27,50,50) (S 92,51,50) (S 28,51,51) (S 93,51,52) (S 98,77,64) (S 33,64,64) (S 100,78,65) (S 34,65,65) (S 99,52,65) (S 41,79,79) (S 111,79,91) (S 40,76,76) (S 39,75,75) (S 51,99,99) (S 121,111,110) (S 52,100,100) (S 53,101,101) (D 0,1,1)
 0 1 2 1874 1839  51 (D 0,1,1) (S 109,96,84) (S 45,85,85) (S 119,95,108) (S 114,84,95) (S 108,70,84) (S 44,84,84) (S 102,83,70) (S 43,83,83) (S 56,109,109) (S 120,109,108) (S 61,120,120) (S 130,132,131) (S 136,131,141) (S 69,132,132) (S 62,121,121) (S 55,108,108) (S 49,94,94) (S 31,58,58) (S 37,71,71) (S 103,60,73) (S 26,48,48) (S 25,47,47) (S 24,46,46) (S 23,45,45) (S 22,44,44) (S 8,14,14) (S 7,13,13) (S 11,22,22) (S 1,2,2) (S 2,3,3) (S 3,5,5) (S 4,6,6) (S 12,27,27) (S 13,28,28) (S 18,39,39) (S 19,41,41) (S 29,53,53) (S 35,67,67) (S 30,54,54) (S 42,80,80) (S 48,92,92) (S 54,103,103) (S 67,127,127) (S 128,128,127) (S 126,124,125) (S 66,125,125) (S 65,124,124) (S 64,123,123) (S 63,122,122) (D 0,1,1)
 0 1 3 1874 1100  19 (D 0,1,1) (S 116,89,100) (S 105,76,77) (S 115,98,99) (S 125,111,123) (S 122,113,114) (S 57,113,113) (S 117,101,100) (S 110,78,90) (S 47,91,91) (S 118,115,104) (S 59,116,116) (S 60,117,117) (S 68,130,130) (S 73,139,139) (S 79,150,150) (S 58,114,114) (S 72,137,137) (D 0,1,1)
 0 1 4 1856 2418  29 (D 0,1,1) (S 81,72,59) (S 90,37,38) (S 89,38,37) (S 88,28,27) (S 84,14,15) (S 82,5,4) (S 9,16,16) (S 14,29,29) (S 85,8,17) (S 5,10,10) (S 6,12,12) (S 17,33,33) (S 21,43,43) (S 20,42,42) (S 94,52,53) (S 36,68,68) (S 50,98,98) (S 70,133,133) (S 76,143,143) (S 75,142,142) (S 71,135,135) (S 77,144,144) (S 78,148,148) (S 74,140,140) (S 15,30,30) (S 16,32,32) (S 10,20,20) (D 0,1,1)
 0 1 5 1849 1094  11 (D 0,1,1) (S 137,132,142) (S 131,143,133) (S 139,134,144) (S 132,137,136) (S 127,137,126) (S 141,146,147) (S 140,144,145) (S 135,141,140) (S 133,128,138) (D 0,1,1)
 0 1 6 1859 1077  8 (D 0,1,1) (S 134,118,140) (S 138,141,142) (S 129,128,129) (S 123,129,116) (S 124,106,117) (S 112,82,93) (D 0,1,1)
 0 1 7 1866 869  9 (D 0,1,1) (S 80,4,3) (S 87,11,20) (S 83,21,12) (S 86,18,19) (S 91,41,42) (S 101,56,69) (S 106,80,81) (D 0,1,1)
 0 1 8 737 463  4 (D 0,1,1) (S 113,106,93) (S 107,69,82) (D 0,1,1)