364
7
1748000
1748000
 0 1 1 27 20  6 (D 0,1,1) (S 14,1,19) (S 20,1,3) (S 22,1,27) (S 21,1,17) (D 0,1,1)
 0 1 2 27 57  13 (D 0,1,1) (S 1,2,2) (S 4,12,12) (S 5,13,13) (S 33,15,13) (S 6,14,14) (S 18,16,14) (S 9,18,18) (S 19,21,20) (S 35,22,21) (S 10,21,21) (S 13,25,25) (D 0,1,1)
 0 1 3 27 40  8 (D 0,1,1) (S 39,24,23) (S 12,24,24) (S 37,23,22) (S 36,23,21) (S 11,23,23) (S 38,25,22) (D 0,1,1)
 0 1 4 27 48  8 (D 0,1,1) (S 15,8,3) (S 23,4,3) (S 24,6,3) (S 16,10,6) (S 3,6,6) (S 28,9,5) (D 0,1,1)
 0 1 5 26 101  9 (D 0,1,1) (S 40,27,26) (S 34,20,15) (S 7,15,15) (S 8,16,16) (S 29,8,6) (S 27,6,5) (S 2,4,4) (D 0,1,1)
 0 1 6 27 41  5 (D 0,1,1) (S 30,9,6) (S 26,6,4) (S 25,5,4) (D 0,1,1)
 0 1 7 17 57  5 (D 0,1,1) (S 31,9,8) (S 32,11,10) (S 17,11,7) (D 0,1,1)