854
7
5170958
5170958
 0 1 1 75 86  13 (D 0,1,1) (S 40,1,7) (S 47,6,1) (S 50,7,1) (S 18,1,2) (S 39,1,6) (S 22,12,6) (S 48,7,6) (S 49,18,6) (S 27,19,12) (S 58,18,12) (S 6,13,13) (D 0,1,1)
 0 1 2 75 146  20 (D 0,1,1) (S 51,13,7) (S 3,7,7) (S 26,13,12) (S 65,12,18) (S 66,20,19) (S 68,19,20) (S 9,19,19) (S 81,25,30) (S 80,25,29) (S 13,25,25) (S 38,31,30) (S 37,30,29) (S 79,18,29) (S 8,18,18) (S 28,15,14) (S 7,15,15) (S 10,21,21) (S 11,23,23) (D 0,1,1)
 0 1 3 75 97  14 (D 0,1,1) (S 42,2,3) (S 41,8,2) (S 1,2,2) (S 52,9,8) (S 23,14,8) (S 59,20,14) (S 67,14,20) (S 61,15,16) (S 29,22,15) (S 60,21,15) (S 4,9,9) (S 2,4,4) (D 0,1,1)
 0 1 4 75 136  19 (D 0,1,1) (S 69,26,20) (S 74,20,26) (S 70,20,21) (S 34,27,26) (S 35,31,26) (S 31,27,21) (S 76,32,27) (S 77,27,28) (S 75,28,27) (S 85,32,33) (S 84,33,32) (S 15,32,32) (S 82,32,31) (S 83,31,32) (S 16,33,33) (S 17,34,34) (S 14,28,28) (D 0,1,1)
 0 1 5 75 117  14 (D 0,1,1) (S 24,10,9) (S 19,9,3) (S 55,10,11) (S 53,3,10) (S 20,10,4) (S 54,11,10) (S 44,10,3) (S 25,16,10) (S 62,23,16) (S 30,17,16) (S 43,4,3) (S 5,11,11) (D 0,1,1)
 0 1 6 73 183  15 (D 0,1,1) (S 32,23,22) (S 71,28,22) (S 33,28,23) (S 73,34,24) (S 64,24,17) (S 72,17,24) (S 12,24,24) (S 57,24,11) (S 56,17,11) (S 63,11,17) (S 21,11,4) (S 46,11,5) (S 78,34,28) (D 0,1,1)
 0 1 7 20 89  4 (D 0,1,1) (S 45,4,5) (S 36,33,28) (D 0,1,1)