585
8
11679167
11679167
 0 1 1 70 66  18 (D 0,1,1) (S 65,9,1) (S 60,5,1) (S 53,1,5) (S 55,1,16) (S 54,1,9) (S 75,16,1) (S 28,10,5) (S 61,6,5) (S 25,5,2) (S 57,2,3) (S 56,3,2) (S 59,3,4) (S 26,6,3) (S 58,4,3) (S 27,7,4) (S 68,7,12) (D 0,1,1)
 0 1 2 70 66  21 (D 0,1,1) (S 63,9,8) (S 71,9,13) (S 66,13,9) (S 2,9,9) (S 33,23,14) (S 32,15,14) (S 72,22,14) (S 82,14,22) (S 40,23,22) (S 84,24,23) (S 94,23,29) (S 83,15,23) (S 86,23,24) (S 74,23,15) (S 10,23,23) (S 85,29,23) (S 73,16,15) (S 6,15,15) (S 87,29,24) (D 0,1,1)
 0 1 3 70 51  14 (D 0,1,1) (S 77,17,16) (S 76,15,16) (S 37,31,17) (S 35,18,17) (S 7,17,17) (S 78,10,17) (S 36,24,17) (S 96,17,30) (S 79,19,18) (S 29,18,11) (S 67,11,10) (S 4,11,11) (D 0,1,1)
 0 1 4 70 82  20 (D 0,1,1) (S 3,10,10) (S 69,11,12) (S 30,19,12) (S 62,12,7) (S 80,32,19) (S 100,19,32) (S 98,32,31) (S 101,31,32) (S 43,40,32) (S 110,31,39) (S 99,39,31) (S 109,30,39) (S 117,39,47) (S 111,38,39) (S 18,39,39) (S 16,30,30) (S 15,29,29) (S 11,24,24) (D 0,1,1)
 0 1 5 70 78  17 (D 0,1,1) (S 34,24,15) (S 97,24,30) (S 41,29,28) (S 105,29,37) (S 42,30,29) (S 95,37,29) (S 108,37,38) (S 106,38,37) (S 107,36,38) (S 48,46,38) (S 104,38,36) (S 46,36,35) (S 47,44,36) (S 102,35,34) (S 113,44,43) (D 0,1,1)
 0 1 6 70 84  22 (D 0,1,1) (S 1,6,6) (S 31,21,13) (S 5,13,13) (S 70,8,13) (S 64,13,8) (S 38,21,20) (S 39,26,21) (S 8,21,21) (S 81,25,20) (S 88,20,25) (S 92,22,28) (S 9,22,22) (S 89,26,25) (S 12,26,26) (S 90,33,25) (S 17,33,33) (S 44,41,33) (S 45,42,34) (S 93,27,28) (S 13,27,27) (D 0,1,1)
 0 1 7 70 103  20 (D 0,1,1) (S 14,28,28) (S 91,28,27) (S 112,35,43) (S 103,43,35) (S 118,43,48) (S 50,43,42) (S 114,48,43) (S 49,42,41) (S 19,44,44) (S 115,44,45) (S 52,50,46) (S 21,46,46) (S 24,50,50) (S 51,50,45) (S 121,48,49) (S 116,49,45) (S 23,49,49) (S 120,45,49) (D 0,1,1)
 0 1 8 7 55  5 (D 0,1,1) (S 22,47,47) (S 20,45,45) (S 119,49,48) (D 0,1,1)