836
7
9190084
9190084
 0 1 1 75 94  14 (D 0,1,1) (S 43,1,7) (S 23,1,2) (S 26,12,6) (S 4,6,6) (S 51,6,7) (S 49,7,6) (S 50,18,6) (S 66,12,18) (S 10,12,12) (S 28,13,12) (S 52,13,7) (S 11,14,14) (D 0,1,1)
 0 1 2 75 100  16 (D 0,1,1) (S 5,7,7) (S 59,7,13) (S 29,14,13) (S 24,13,2) (S 30,19,13) (S 31,15,14) (S 69,14,20) (S 72,15,21) (S 62,15,16) (S 61,21,15) (S 54,15,9) (S 6,8,8) (S 13,21,21) (S 15,26,26) (D 0,1,1)
 0 1 3 75 119  16 (D 0,1,1) (S 44,2,3) (S 1,2,2) (S 53,9,8) (S 32,22,15) (S 60,9,15) (S 35,22,21) (S 73,20,21) (S 68,20,19) (S 70,19,20) (S 71,26,20) (S 79,20,26) (S 34,25,19) (S 12,19,19) (S 77,29,25) (D 0,1,1)
 0 1 4 75 148  16 (D 0,1,1) (S 67,29,18) (S 41,30,29) (S 18,29,29) (S 83,25,29) (S 42,31,30) (S 78,30,25) (S 19,30,30) (S 39,26,25) (S 40,31,26) (S 85,27,32) (S 81,27,28) (S 16,27,27) (S 20,32,32) (S 21,33,33) (D 0,1,1)
 0 1 5 75 122  16 (D 0,1,1) (S 7,9,9) (S 57,10,11) (S 25,10,4) (S 55,11,10) (S 46,10,3) (S 8,10,10) (S 27,16,10) (S 63,23,16) (S 33,17,16) (S 2,3,3) (S 45,4,3) (S 47,4,5) (S 3,4,4) (S 56,5,11) (D 0,1,1)
 0 1 6 75 192  19 (D 0,1,1) (S 36,23,22) (S 74,28,22) (S 37,24,23) (S 38,28,23) (S 86,24,34) (S 65,24,17) (S 76,17,24) (S 14,24,24) (S 75,11,24) (S 58,17,11) (S 64,11,17) (S 48,11,5) (S 9,11,11) (S 17,28,28) (S 82,34,28) (S 80,28,27) (S 22,34,34) (D 0,1,1)
 0 1 7 3 61  3 (D 0,1,1) (S 84,32,31) (D 0,1,1)