29428
39
49122292
49122292
 0 1 1 130 594  12 (D 0,1,1) (S 26,1,2) (S 27,2,1) (S 30,2,3) (S 28,3,2) (S 31,2,4) (S 29,4,2) (S 1,2,2) (S 2,5,5) (S 3,9,9) (S 4,20,20) (D 0,1,1)
 0 1 2 130 931  12 (D 0,1,1) (S 34,4,5) (S 32,5,4) (S 36,7,5) (S 38,5,7) (S 20,59,59) (S 19,58,58) (S 21,60,60) (S 23,66,66) (S 22,65,65) (S 13,43,43) (D 0,1,1)
 0 1 3 130 703  10 (D 0,1,1) (S 199,4,69) (S 35,6,5) (S 37,5,6) (S 40,7,8) (S 39,8,7) (S 14,44,44) (S 15,46,46) (S 16,50,50) (D 0,1,1)
 0 1 4 130 585  7 (D 0,1,1) (S 33,69,4) (S 200,58,69) (S 178,69,59) (S 201,59,69) (S 17,52,52) (D 0,1,1)
 0 1 5 130 566  6 (D 0,1,1) (S 174,69,58) (S 175,11,59) (S 136,45,44) (S 153,49,50) (D 0,1,1)
 0 1 6 130 568  10 (D 0,1,1) (S 41,9,8) (S 42,8,9) (S 44,9,10) (S 43,10,9) (S 46,10,11) (S 45,11,10) (S 52,76,12) (S 216,12,76) (D 0,1,1)
 0 1 7 130 582  9 (D 0,1,1) (S 138,59,44) (S 176,44,59) (S 177,58,59) (S 172,59,58) (S 141,44,46) (S 146,49,47) (S 158,50,52) (D 0,1,1)
 0 1 8 130 643  8 (D 0,1,1) (S 49,59,11) (S 173,60,58) (S 139,44,45) (S 154,52,50) (S 160,54,52) (S 18,54,54) (D 0,1,1)
 0 1 9 130 640  7 (D 0,1,1) (S 171,57,58) (S 179,58,60) (S 137,46,44) (S 163,52,53) (S 78,51,21) (D 0,1,1)
 0 1 10 130 508  5 (D 0,1,1) (S 170,58,57) (S 196,60,67) (S 181,62,60) (D 0,1,1)
 0 1 11 130 634  9 (D 0,1,1) (S 134,44,43) (S 142,45,46) (S 140,46,45) (S 145,48,47) (S 149,47,49) (S 150,50,49) (S 5,22,22) (D 0,1,1)
 0 1 12 130 752  10 (D 0,1,1) (S 135,43,44) (S 143,47,46) (S 148,47,48) (S 157,53,51) (S 155,21,51) (S 25,75,75) (S 6,23,23) (S 7,27,27) (D 0,1,1)
 0 1 13 130 890  12 (D 0,1,1) (S 144,46,47) (S 156,49,51) (S 151,51,49) (S 152,19,50) (S 72,50,19) (S 159,53,52) (S 164,52,54) (S 162,51,53) (S 80,24,22) (S 8,32,32) (D 0,1,1)
 0 1 14 130 1091  9 (D 0,1,1) (S 147,11,48) (S 50,11,12) (S 217,20,76) (S 75,76,20) (S 24,72,72) (S 12,41,41) (S 11,40,40) (D 0,1,1)
 0 1 15 130 1105  8 (D 0,1,1) (S 47,12,11) (S 48,48,11) (S 63,13,16) (S 85,22,24) (S 9,34,34) (S 10,39,39) (D 0,1,1)
 0 1 16 130 508  6 (D 0,1,1) (S 183,60,61) (S 184,60,62) (S 180,61,60) (S 182,67,60) (D 0,1,1)
 0 1 17 130 663  8 (D 0,1,1) (S 187,67,62) (S 185,63,62) (S 193,62,66) (S 186,66,62) (S 197,62,67) (S 165,56,55) (D 0,1,1)
 0 1 18 129 645  6 (D 0,1,1) (S 188,62,63) (S 198,66,68) (S 194,68,66) (S 191,63,64) (D 0,1,1)
 0 1 19 130 638  7 (D 0,1,1) (S 195,56,67) (S 168,67,56) (S 131,56,42) (S 166,42,56) (S 167,55,56) (D 0,1,1)
 0 1 20 128 580  6 (D 0,1,1) (S 62,12,16) (S 51,16,12) (S 218,77,76) (S 221,76,77) (D 0,1,1)
 0 1 21 127 669  7 (D 0,1,1) (S 71,21,19) (S 76,19,21) (S 77,22,21) (S 79,21,22) (S 84,75,23) (D 0,1,1)
 0 1 22 130 801  8 (D 0,1,1) (S 161,24,53) (S 87,53,24) (S 213,22,75) (S 81,75,22) (S 86,25,24) (S 58,14,15) (D 0,1,1)
 0 1 23 130 668  8 (D 0,1,1) (S 73,18,20) (S 70,20,19) (S 74,19,20) (S 67,20,18) (S 55,77,13) (S 219,13,77) (D 0,1,1)
 0 1 24 130 680  12 (D 0,1,1) (S 132,57,42) (S 169,42,57) (S 133,42,43) (S 130,43,42) (S 129,41,42) (S 128,42,41) (S 127,40,41) (S 126,35,41) (S 115,41,35) (S 123,40,39) (D 0,1,1)
 0 1 25 129 848  12 (D 0,1,1) (S 190,65,63) (S 192,63,65) (S 189,64,63) (S 125,41,40) (S 124,39,40) (S 114,39,35) (S 121,35,39) (S 119,39,37) (S 122,37,39) (S 120,37,38) (D 0,1,1)
 0 1 26 129 881  11 (D 0,1,1) (S 54,16,13) (S 53,14,13) (S 56,13,14) (S 57,15,14) (S 61,77,15) (S 59,17,15) (S 65,15,18) (S 220,15,77) (S 208,73,72) (D 0,1,1)
 0 1 27 130 686  8 (D 0,1,1) (S 88,24,25) (S 90,29,25) (S 215,25,75) (S 89,26,25) (S 99,25,29) (S 91,75,25) (D 0,1,1)
 0 1 28 126 820  6 (D 0,1,1) (S 66,19,18) (S 60,18,15) (S 69,18,19) (S 204,72,71) (D 0,1,1)
 0 1 29 129 899  6 (D 0,1,1) (S 206,18,72) (S 64,15,17) (S 210,72,73) (S 207,71,72) (D 0,1,1)
 0 1 30 127 831  6 (D 0,1,1) (S 68,72,18) (S 211,74,73) (S 205,73,71) (S 209,71,73) (D 0,1,1)
 0 1 31 124 723  10 (D 0,1,1) (S 214,23,75) (S 93,25,26) (S 95,28,26) (S 97,26,28) (S 82,26,23) (S 96,26,27) (S 94,27,26) (S 92,23,26) (D 0,1,1)
 0 1 32 124 884  5 (D 0,1,1) (S 108,35,32) (S 118,38,37) (S 109,32,33) (D 0,1,1)
 0 1 33 129 863  4 (D 0,1,1) (S 113,32,35) (S 107,34,32) (D 0,1,1)
 0 1 34 126 842  7 (D 0,1,1) (S 102,23,31) (S 83,31,23) (S 98,29,28) (S 100,28,29) (S 103,30,31) (D 0,1,1)
 0 1 35 119 911  5 (D 0,1,1) (S 117,33,37) (S 106,33,32) (S 101,31,30) (D 0,1,1)
 0 1 36 129 881  5 (D 0,1,1) (S 111,37,33) (S 110,36,33) (S 116,33,36) (D 0,1,1)
 0 1 37 116 772  4 (D 0,1,1) (S 104,32,31) (S 105,31,32) (D 0,1,1)
 0 1 38 124 1181  5 (D 0,1,1) (S 212,73,74) (S 203,70,71) (S 112,32,34) (D 0,1,1)
 0 1 39 56 762  3 (D 0,1,1) (S 202,71,70) (D 0,1,1)