382
7
1613208
1613208
 0 1 1 27 26  7 (D 0,1,1) (S 10,1,15) (S 17,1,19) (S 19,2,1) (S 18,1,27) (S 20,12,2) (D 0,1,1)
 0 1 2 27 67  11 (D 0,1,1) (S 14,13,12) (S 15,14,13) (S 25,15,13) (S 27,17,15) (S 6,15,15) (S 28,17,16) (S 7,17,17) (S 9,24,24) (S 33,23,22) (D 0,1,1)
 0 1 3 27 62  10 (D 0,1,1) (S 35,24,23) (S 36,26,23) (S 16,22,21) (S 34,25,22) (S 37,26,25) (S 30,25,18) (S 8,21,21) (S 5,14,14) (D 0,1,1)
 0 1 4 27 41  8 (D 0,1,1) (S 11,8,3) (S 1,3,3) (S 4,6,6) (S 22,8,6) (S 21,6,5) (S 12,10,4) (D 0,1,1)
 0 1 5 27 84  7 (D 0,1,1) (S 38,27,26) (S 32,25,21) (S 29,21,18) (S 24,9,8) (S 3,5,5) (D 0,1,1)
 0 1 6 23 68  6 (D 0,1,1) (S 26,18,14) (S 31,21,20) (S 13,11,10) (S 2,4,4) (D 0,1,1)
 0 1 7 7 34  3 (D 0,1,1) (S 23,11,7) (D 0,1,1)