195
9
1020917
1020917
 0 1 1 27 17  9 (D 0,1,1) (S 10,1,4) (S 21,1,7) (S 18,1,3) (S 9,1,2) (S 22,1,10) (S 13,5,4) (S 3,4,4) (D 0,1,1)
 0 1 2 27 10  7 (D 0,1,1) (S 19,1,5) (S 20,1,6) (S 11,1,8) (S 24,4,2) (S 1,2,2) (D 0,1,1)
 0 1 3 27 30  8 (D 0,1,1) (S 23,1,11) (S 39,8,4) (S 40,9,4) (S 41,10,4) (S 16,9,6) (S 17,11,6) (D 0,1,1)
 0 1 4 27 24  7 (D 0,1,1) (S 25,5,2) (S 29,10,2) (S 30,11,2) (S 26,6,2) (S 37,11,3) (D 0,1,1)
 0 1 5 27 23  7 (D 0,1,1) (S 15,8,6) (S 48,11,8) (S 34,8,3) (S 28,8,2) (S 6,8,8) (D 0,1,1)
 0 1 6 27 33  8 (D 0,1,1) (S 12,3,2) (S 27,7,2) (S 45,7,6) (S 46,10,6) (S 31,4,3) (S 8,10,10) (D 0,1,1)
 0 1 7 27 28  11 (D 0,1,1) (S 44,11,5) (S 42,11,4) (S 33,7,3) (S 2,3,3) (S 35,9,3) (S 32,5,3) (S 5,7,7) (S 7,9,9) (S 4,5,5) (D 0,1,1)
 0 1 8 22 24  6 (D 0,1,1) (S 43,8,5) (S 47,9,7) (S 38,7,4) (S 14,9,5) (D 0,1,1)
 0 1 9 6 6  3 (D 0,1,1) (S 36,10,3) (D 0,1,1)