333
7
1857541
1857541
 0 1 1 27 39  10 (D 0,1,1) (S 15,1,24) (S 21,1,3) (S 14,1,17) (S 23,2,1) (S 22,1,15) (S 9,19,19) (S 31,19,12) (S 1,4,4) (D 0,1,1)
 0 1 2 27 34  11 (D 0,1,1) (S 16,12,2) (S 30,13,12) (S 26,12,4) (S 19,10,4) (S 24,4,3) (S 6,10,10) (S 3,6,6) (S 17,6,3) (S 2,5,5) (D 0,1,1)
 0 1 3 27 31  6 (D 0,1,1) (S 25,6,4) (S 28,10,6) (S 27,6,5) (S 4,7,7) (D 0,1,1)
 0 1 4 27 77  13 (D 0,1,1) (S 34,17,15) (S 32,15,13) (S 35,20,15) (S 20,14,13) (S 33,16,14) (S 7,14,14) (S 38,22,21) (S 11,21,21) (S 10,20,20) (S 12,25,25) (S 13,27,27) (D 0,1,1)
 0 1 5 27 63  8 (D 0,1,1) (S 42,24,23) (S 44,27,24) (S 29,9,8) (S 5,8,8) (S 43,26,23) (S 8,16,16) (D 0,1,1)
 0 1 6 26 46  6 (D 0,1,1) (S 18,8,3) (S 45,27,26) (S 40,23,22) (S 41,25,22) (D 0,1,1)
 0 1 7 22 43  5 (D 0,1,1) (S 39,23,21) (S 37,25,18) (S 36,21,18) (D 0,1,1)