659
7
12451750
12451750
 0 1 1 75 73  21 (D 0,1,1) (S 61,6,1) (S 59,1,6) (S 35,6,5) (S 63,12,6) (S 64,13,6) (S 62,7,6) (S 73,12,13) (S 71,13,12) (S 70,11,12) (S 39,20,12) (S 40,14,13) (S 66,13,7) (S 41,21,13) (S 9,13,13) (S 72,7,13) (S 36,14,8) (S 10,14,14) (S 15,23,23) (S 92,32,31) (D 0,1,1)
 0 1 2 75 65  18 (D 0,1,1) (S 47,21,20) (S 78,30,20) (S 46,20,19) (S 77,26,19) (S 75,26,18) (S 76,29,18) (S 84,18,26) (S 13,18,18) (S 69,5,11) (S 8,11,11) (S 86,30,26) (S 16,26,26) (S 85,29,26) (S 50,30,27) (S 18,30,30) (S 89,34,30) (D 0,1,1)
 0 1 3 75 89  20 (D 0,1,1) (S 33,7,2) (S 67,7,8) (S 65,8,7) (S 4,7,7) (S 32,3,2) (S 1,2,2) (S 5,8,8) (S 37,10,9) (S 34,9,3) (S 38,15,9) (S 68,16,9) (S 74,9,16) (S 6,9,9) (S 43,23,15) (S 42,16,15) (S 11,16,16) (S 12,17,17) (S 7,10,10) (D 0,1,1)
 0 1 4 75 106  27 (D 0,1,1) (S 3,5,5) (S 95,34,35) (S 53,34,33) (S 20,34,34) (S 23,40,40) (S 54,40,33) (S 109,40,47) (S 29,47,47) (S 58,48,47) (S 110,49,48) (S 101,48,41) (S 30,48,48) (S 111,41,49) (S 96,41,35) (S 102,49,41) (S 31,49,49) (S 112,50,49) (S 26,44,44) (S 106,42,44) (S 57,50,44) (S 103,44,42) (S 97,42,36) (S 24,42,42) (S 27,45,45) (S 25,43,43) (D 0,1,1)
 0 1 5 75 135  18 (D 0,1,1) (S 14,21,21) (S 79,21,22) (S 17,27,27) (S 56,36,35) (S 94,39,33) (S 55,46,33) (S 51,33,29) (S 100,29,39) (S 28,46,46) (S 91,23,31) (S 90,22,31) (S 81,31,23) (S 80,31,22) (S 93,37,31) (S 21,37,37) (S 104,45,43) (D 0,1,1)
 0 1 6 75 95  14 (D 0,1,1) (S 82,23,24) (S 44,17,16) (S 83,32,24) (S 48,25,24) (S 45,25,17) (S 49,28,25) (S 88,38,28) (S 87,32,28) (S 99,28,38) (S 52,37,32) (S 19,32,32) (S 98,38,37) (D 0,1,1)
 0 1 7 26 96  10 (D 0,1,1) (S 2,3,3) (S 60,10,4) (S 113,43,50) (S 105,50,43) (S 114,45,50) (S 108,50,45) (S 107,38,45) (S 22,38,38) (D 0,1,1)