866
7
17684875
17684875
 0 1 1 75 85  20 (D 0,1,1) (S 38,1,7) (S 44,7,1) (S 37,1,2) (S 40,2,3) (S 46,2,8) (S 39,8,2) (S 1,2,2) (S 23,9,3) (S 41,4,3) (S 27,10,9) (S 28,14,9) (S 26,9,8) (S 47,7,8) (S 45,8,7) (S 3,10,10) (S 7,15,15) (S 54,15,16) (S 6,14,14) (D 0,1,1)
 0 1 2 75 85  16 (D 0,1,1) (S 50,7,13) (S 29,11,10) (S 42,10,4) (S 48,5,11) (S 31,17,11) (S 49,11,12) (S 30,16,11) (S 4,11,11) (S 57,17,20) (S 32,18,17) (S 9,17,17) (S 56,20,19) (S 11,20,20) (S 66,20,27) (D 0,1,1)
 0 1 3 75 109  16 (D 0,1,1) (S 51,14,13) (S 62,14,24) (S 53,24,14) (S 60,14,23) (S 13,24,24) (S 35,25,24) (S 70,23,29) (S 52,23,13) (S 59,13,23) (S 12,23,23) (S 61,29,23) (S 17,29,29) (S 71,34,29) (S 18,30,30) (D 0,1,1)
 0 1 4 75 127  16 (D 0,1,1) (S 2,4,4) (S 24,5,4) (S 25,6,5) (S 43,12,6) (S 5,12,12) (S 33,21,20) (S 64,19,26) (S 10,19,19) (S 8,16,16) (S 34,22,21) (S 67,21,27) (S 68,22,28) (S 58,28,22) (S 69,27,28) (D 0,1,1)
 0 1 5 75 189  18 (D 0,1,1) (S 63,26,25) (S 14,25,25) (S 65,32,26) (S 15,26,26) (S 75,26,32) (S 76,36,32) (S 81,32,36) (S 73,32,31) (S 16,27,27) (S 77,27,33) (S 55,22,18) (S 84,33,37) (S 83,37,36) (S 94,40,41) (S 91,40,39) (S 22,40,40) (D 0,1,1)
 0 1 6 75 167  16 (D 0,1,1) (S 78,29,34) (S 72,29,30) (S 87,34,38) (S 79,38,34) (S 19,34,34) (S 89,35,39) (S 20,35,35) (S 82,35,36) (S 80,36,35) (S 74,35,31) (S 36,40,36) (S 85,36,37) (S 90,36,39) (S 21,39,39) (D 0,1,1)
 0 1 7 16 104  6 (D 0,1,1) (S 92,41,40) (S 88,39,38) (S 86,41,37) (S 93,37,41) (D 0,1,1)